0       6.99
1       527.00
2       49183.00
3       1.00
4       6.99
5       1.00
6       519.00
7       3585.00
8       27202.00
9       42244.00
10      66618.38
11      46426.00
12      63997.00
13      31986.00
14      38745.25
15      40896.00
16      36415.00
17      21185.00
18      7513.49
19      31661.00
20      3293.00
21      1.00
22      22408.00
23      13885.11
24      573.00
25      19020.00
26      16491.00
27      1465.53
28      20467.00
29      14798.00
30      4887.00
31      20978.00
32      11412.59
33      3330.00
34      7531.00
35      67.00
36      6.99
37      1.00
