7092
16569
18135
20478
21188
31598
33106
33658
34078
37258
41554
46128
46654
49318
50590
52908
54178
56667
56667
56748
60070
61642
63180
65160
66504
66577
66812
67188
67390
67440
67638
69478
69576
71110
71556
73188
73558
74520
74736
74976
75660
76332
77136
77770
78058
78144
78168
78180
79380
79692
79925
80316
82092
82428
82920
84036
84960
85176
85716
85920
86700
87900
88596
88608
89532
90108
91116
91192
91584
91968
93492
93756
94560
94872
95760
98676
98760
99900
101316
103056
105000
107388
108456
109704
110688
111432
113904
117060
117924
119748
126504
130740
132048
132802
132879
133319
133800
143076
143341
143363
143704
150487
150731
151238
152828
153608
153696
154704
156276
156336
157488
158376
159599
159654
160039
164448
164549
164580
164901
165516
166351
166352
166601
168732
168996
170220
178524
182050
182688
187096
188544
189800
190332
190502
198415
204720
207408
208268
210492
218244
218832
220728
221340
223307
226728
226920
229788
230784
234252
234699
235910
239220
239760
240024
248568
249072
249161
252924
255480
257088
259467
259491
260535
268775
269175
269199
269859
270351
270519
271227
271480
273480
274576
275397
280728
281045
281582
282024
282310
283860
285900
286104
288939
289167
289680
289995
293110
293932
294072
296412
303516
305604
305831
312121
312556
317187
320222
321492
321699
321795
322665
323547
323580
324962
326197
327569
328935
330363
330399
331197
331983
332218
333891
334871
335415
337875
338184
338788
340162
340848
341513
342444
344868
346392
349585
352655
352860
354360
356237
356283
356665
356739
357759
359046
361320
361386
362018
362461
364601
364911
365103
366447
366804
367183
369768
370344
371929
372037
374007
374344
375233
381824
383520
387243
387327
389066
389474
389631
391695
391779
391779
392311
393281
393597
394611
395040
396564
398724
399288
399300
399744
399816
400716
404648
404725
405900
409008
409015
409452
409610
409968
410640
411255
413256
413475
416004
419088
420696
420972
421488
421999
422064
422892
423252
426948
427200
427450
428931
429279
430030
433239
434364
434832
435750
436170
436968
437868
439383
439554
440215
440751
440916
441900
443499
445010
448524
448757
453432
453472
453867
456540
459784
459843
460131
460431
462915
463623
464967
466476
477855
479187
479487
481405
481941
482727
499056
503250
505050
512943
512979
516339
517266
523083
523611
524019
525591
526659
527667
529227
532923
533415
538455
540807
540831
540975
541407
541969
543819
543891
544311
545763
550131
551037
551787
552018
552195
552378
555027
556311
557070
557079
562335
564663
565167
570975
574848
575598
575802
581178
586068
594759
595275
598731
598868
599907
601318
602055
604011
604515
606807
607203
607764
607779
607803
608295
611703
612027
612690
613086
613527
614307
614547
614967
615432
616671
616695
616854
617415
618583
618666
618795
619050
619395
620007
620667
620782
622071
622647
623571
623828
626511
626679
632859
634431
635679
636291
636795
636987
636999
637119
637395
638547
638871
639135
639138
639486
639591
639700
641619
643971
644274
644319
646836
647259
647319
651090
653046
656214
656355
656706
657282
657287
658419
660516
660879
661035
661335
662191
662646
665823
666123
666471
667335
667851
668091
668415
673275
673995
676695
676851
680955
682247
683951
687015
689154
689406
689583
689715
689751
692631
693279
694083
694614
699411
699699
699891
700695
701127
703335
706215
706935
709647
710862
711279
712263
712779
713430
713439
717666
718050
718359
725430
726399
728004
729675
729687
730107
730959
731595
732567
732987
734751
735519
736146
738042
738258
738603
739278
741099
741651
741903
742947
743631
744675
745599
745617
745842
748554
749082
750819
753195
753651
753855
754362
755115
755919
756450
756591
758610
758979
761547
761847
762207
765156
766131
766875
767187
767559
768651
770379
771639
771747
772059
772131
773550
774027
774171
774615
775902
777255
778263
779883
781527
795159
795783
798267
799611
801098
804015
804447
804927
805575
806187
807531
811455
812631
813841
814179
814842
815895
816471
817302
817911
820551
823220
823275
824319
824415
824727
827019
827415
827931
827979
828112
831147
831759
831975
834999
837204
839955
842257
842562
844674
844908
845187
846579
850299
852240
853503
855030
855510
856491
858054
861378
861801
862548
863238
864516
872301
872310
872631
872970
875091
875619
876039
880518
886659
887787
890250
890730
890883
891339
893031
893847
894375
895671
897207
897531
897615
899202
900351
900879
901599
902295
907578
907662
912184
912975
915095
916518
922602
923130
923532
925395
925443
928899
929523
931398
932607
936735
938907
942795
945294
946450
950921
955218
955710
959011
961290
961770
964635
968043
968826
968890
970938
972942
973506
976739
976755
980670
980823
981637
982986
984871
986670
989494
993000
1006573
1006812
1007451
1011639
1017138
1021158
1021458
1024050
1026690
1026990
1027959
1029024
1031571
1035894
1045470
1048266
1048350
1050450
1050746
1051923
1052655
1055475
1056291
1060512
1068675
1069095
1069179
1070055
1077375
1080003
1083330
1084038
1094418
1100262
1103670
1105230
1106682
1109418
1110702
1124638
1170030
1170030
1173784
1181166
1199130
1200990
1204359
1210562
1212350
1212403
1221375
1226910
1240494
1240662
1250142
1251522
1253610
1255578
1256034
1267038
1267371
1268574
1268910
1272699
1274694
1275222
1275534
1276002
1279794
1283610
1288134
1288194
1288566
1290002
1296531
1297938
1302699
1333050
1333350
1337434
1345134
1347280
1350078
1350762
1360892
1362859
1363122
1368162
1368762
1370730
1371234
1375259
1376921
1379982
1380107
1383606
1392966
1395654
1397850
1397874
1398558
1399938
1408110
1414242
1414953
1415512
1415569
1415735
1416091
1416153
1416321
1416328
1416388
1416462
1416475
1416527
1416685
1416928
1416991
1417057
1417117
1417142
1417178
1417179
1417337
1417471
1417480
1417598
1417845
1417896
1417950
1417977
1417983
1418116
1418170
1418263
1418287
1418293
1418399
1418470
1418550
1418589
1418604
1418613
1418620
1418625
1418743
1418860
1418969
1419082
1419097
1419164
1419184
1419311
1419650
1419715
1419816
1419913
1420028
1420037
1420138
1420391
1420407
1420439
1420524
1420576
1420753
1420808
1420847
1420892
1420907
1421329
1421495
1421580
1421764
1421880
1421909
1421940
1421986
1422195
1422312
1422407
1422925
1423800
1430775
1431563
1431607
1431867
1431877
1432280
1432358
1432422
1432514
1432749
1432800
1433283
1433354
1433555
1433673
1433791
1433835
1433842
1433941
1433950
1434086
1434105
1434153
1434173
1434235
1434377
1434577
1434594
1434616
1434639
1434907
1434916
1434980
1434981
1435182
1435386
1435483
1435579
1435608
1435636
1435697
1435951
1436059
1436093
1436142
1436250
1436285
1436375
1436397
1436445
1436525
1436626
1436665
1436678
1437058
1437239
1437255
1437323
1437635
1437642
1438007
1438085
1438272
1438309
1438858
1439164
1439392
1440282
1441746
1442879
1443078
1445034
1449115
1449551
1450277
1451570
1451586
1451960
1452113
1452437
1452555
1452810
1452878
1452966
1453082
1453363
1453398
1453758
1453914
1461248
1464954
1480531
1487970
1492068
1492170
1498131
1505310
1507938
1527058
1528830
1528929
1528975
1529081
1529463
1529578
1529671
1529864
1529928
1529944
1530191
1530213
1530227
1530350
1531128
1531135
1531169
1531335
1531442
1531451
1531469
1531498
1531614
1531845
1532056
1532342
1532610
1534033
1535562
1543886
1544082
1544994
1545025
1545282
1545309
1545630
1545961
1546496
1546548
1546608
1547202
1547622
1547827
1547912
1548151
1549902
1553514
1555442
1559622
1560042
1560126
1560910
1565260
1574646
1584282
1588722
1592454
1594026
1595939
1596738
1610667
1613423
1642807
1670886
1671138
1672663
1686486
1686990
1687710
1690482
1691336
1693522
1702110
1702527
1704655
1711062
1711866
1724190
1724875
1733670
1737654
1740630
1743906
1746570
1770714
1771626
1780443
1783422
1783458
1784370
1784730
1792050
1792554
1792830
1793370
1796440
1802860
1803306
1804854
1808838
1819826
1821726
1825619
1831410
1832262
1833313
1838369
1844130
1844958
1848597
1850902
1854310
1854762
1857438
1864506
1865298
1870878
1871106
1874346
1877658
1885818
1887117
1888385
1893390
1903410
1906326
1906914
1907082
1927746
1929486
1933338
1934406
1937430
1941654
1941774
1945077
1946058
1947186
1947726
1948152
1948590
1963314
1964862
1967598
1971474
1971906
1975646
2017446
2018478
2021454
2022702
2023434
2026278
2040474
2044242
2045970
2049006
2049186
2049870
2069274
2081178
2082402
2096178
2102166
2103270
2123214
2135959
2146854
2148246
2150946
2151282
2219658
2220966
2225238
2228742
2229846
2232354
2232954
2236470
2248626
2253762
2255046
2281482
2283006
2283930
2284506
2286126
2287026
2293146
2294130
2300286
2303982
2304570
2306658
2309850
2310330
2312454
2316306
2316882
2317662
2318418
2323566
2330826
2345370
2354574
2355426
2365734
2369850
2377026
2377734
2381418
2402874
2422206
2423214
2454534
2458769
2468526
2469486
2472978
2477370
2486910
2487870
2488620
2516754
2520894
2587308
2607462
2608998
2619141
2633754
2634774
2639346
2646906
2651430
2669790
2737134
2737914
2767086
2769114
2771610
2776254
2777622
2779671
2789298
2789418
2790966
2791026
2808594
2821542
2823666
2825274
2826150
2841234
2844570
2853402
2854614
2856054
2856330
2860218
2860794
2861250
2863962
2864298
2881314
2885118
2892414
2893878
2894334
2895018
2899122
2923746
2925318
2930022
2957694
2968110
2969442
2987490
2989818
2995326
2996562
2998866
3018870
3027918
3048966
3053622
3062624
3105150
3106698
3139422
3160614
3164454
3180114
3183954
3193386
3195462
3212562
3216918
3223146
3224214
3225186
3226986
3228846
3232576
3232734
3234162
3238782
3241842
3246666
3246786
3248106
3248454
3249726
3251418
3251742
3254430
3254622
3256026
3257946
3262254
3264102
3264762
3265698
3268266
3281430
3281814
3284982
3289398
3291294
3291702
3305910
3308292
3311958
3313362
3320166
3324942
3326250
3329274
3331050
3336426
3338118
3350718
3352602
3353958
3355206
3355374
3356502
3360846
3363318
3365046
3365226
3366906
3369126
3370782
3381174
3384243
3396882
3399090
3400338
3406998
3408354
3410454
3411930
3414882
3418926
3420486
3425430
3425706
3427062
3427686
3436062
3437838
3438906
3441174
3442662
3443573
3450150
3452802
3454578
3457878
3458154
3458394
3461946
3463278
3463458
3464910
3466062
3481578
3482658
3506802
3509202
3510474
3515536
3518826
3519870
3521994
3526926
3528690
3533514
3537186
3544698
3546678
3547110
3549114
3549390
3552990
3568206
3568530
3582690
3582906
3583267
3584526
3585594
3585942
3587646
3609536
3610045
3623130
3627654
3657222
3658866
3676734
3677430
3678978
3681414
3687150
3691614
3695406
3699978
3703506
3706122
3710310
3715422
3717474
3729870
3753774
3757518
3760506
3781830
3786258
3792018
3793710
3817878
3822066
3824526
3829254
3837426
3873051
3890882
3893154
3897162
3966774
3970902
4007238
4010538
4011822
4014870
4016226
4020462
4041546
4045686
4046538
4050246
4057758
4059870
4091694
4096002
4111278
4116138
4120206
4227282
4231494
4234902
4238646
4264338
4268442
4277766
4282134
4316406
4321710
4328670
4333110
4335018
4339782
4356894
4360650
4367910
4372302
4390758
4393950
4395642
4398318
4401822
4406490
4484514
4485498
4488102
4489770
4617402
4621866
4631130
4635402
4691454
4694442
4695270
4699458
4758642
4761870
4763226
4816326
4934214
4940022
4993314
4996170
5013906
5059194
5081898
5086134
5364078
5367078
5438646
5850906
5856450
5923842
5927070
5927478
5932458
5997510
6162918
6169146
6229254
6232230
6240186
6245466
6308826
6624042
6630822
6810882
6815670
6859398
6862926
6896046
6919650
6923586
6941346
7004154
7004214
7007934
7023630
7027050
7101534
7123110
7302438
7309854
7513242
7518726
7607034
7714746
7720638
7894086
7901430
8073894
8081322
8081742
8084454
8106594
8186754
8189730
8217474
8219178
8225610
8375874
8381238
8381802
8392350
8397330
8399346
8444286
8553006
8561118
8594922
8612922
8616978
8624994
8631354
8633322
8657994
9226014
9243042
9283914
9297438
34601702
34617736
34694276
34696089
34702008
34715984
34718909
34725671
34741482
34752387
34768241
34773621
34777301
34781102
34781558
34783770
34789004
34789786
34791020
34798221
34800949
34806034
34811045
34822998
34823653
34825747
34835384
34837764
34839798
34844971
34845922
34846804
34849296
34850524
34851983
34853479
34857560
34863702
34881183
34883950
34884427
34888924
34889972
34893518
34894108
34895957
34898984
34899397
34900402
34903078
34906527
34912228
34913062
34915651
34917274
34917436
34921044
34923528
34924262
34940706
34941335
34943415
34945456
34948234
34949357
34954245
34955357
34959287
34961568
34962523
34966951
34978089
34980023
34981540
34989319
34990941
35011722
35033760
35034015
35036835
35037675
35037964
35038432
35040616
35040932
35045545
35059468
35064830
35066149
35078258
35079566
35080512
35102926
35114116
35120777
35127468
35129263
35130373
35136880
35138225
35138588
35145206
35170106
35172589
35172780
35173762
35175827
35189610
35194863
35198827
35202954
35206431
35239337
35286489
35288364
35305156
35341732
35397466
35400722
35404078
35437116
35474989
35528234
35543649
35557406
35566762
35580955
35581723
35589751
35593182
35596217
35603108
35606164
35606704
35615092
35632611
35689439
35694576
35697067
35699122
35700558
35717190
35720410
35723183
35725621
35743918
35748536
35754590
35775850
35786028
35794441
35812065
35829610
35838677
35842392
35918545
38487609
38537060
38549110
38597994
38600348
38604752
38617012
38663436
38689892
38698706
38717404
38727295
38730164
38742696
38742979
38752904
38757579
38758157
38769154
38778593
38787108
38789143
38794570
38799022
38814193
38819895
38828752
38835177
38846434
38852687
38861220
38885271
38886053
38997674
38998399
39038580
39038919
39097285
39158253
41709367
41709367
41709367
41709367
41709367
41761424
41761424
41761424
41761424
41761424
41856327
41856327
41856327
41856327
41856327
41858378
41858378
41858378
41858378
41858378
41867504
41867504
41867504
41867504
41867504
41887185
41887185
41887185
41887185
41887185
41888312
41888312
41888312
41888312
41888312
41894918
41894918
41894918
41894918
41894918
41903627
41903627
41903627
41903627
41903627
41919439
41919439
41919439
41919439
41919439
41936730
41936730
41936730
41936730
41936730
41948424
41948424
41948424
41948424
41948424
41948808
41948808
41948808
41948808
41948808
41953686
41953686
41953686
41953686
41953686
41957612
41957612
41957612
41957612
41957612
41960483
41960483
41960483
41960483
41960483
41961848
41961848
41961848
41961848
41961848
41969158
41969158
41969158
41969158
41969158
41970024
41970024
41970024
41970024
41970024
41970964
41970964
41970964
41970964
41970964
41974962
41974962
41974962
41974962
41974962
41978835
41978835
41978835
41978835
41978835
41996929
41996929
41996929
41996929
41996929
42024396
42024396
42024396
42024396
42024396
42025665
42025665
42025665
42025665
42025665
42029047
42029047
42029047
42029047
42029047
42030750
42030750
42030750
42030750
42030750
42037012
42037012
42037012
42037012
42037012
42040518
42040518
42040518
42040518
42040518
42042192
42042192
42042192
42042192
42042192
42042551
42042551
42042551
42042551
42042551
42048687
42048687
42048687
42048687
42048687
42050840
42050840
42050840
42050840
42050840
42055504
42055504
42055504
42055504
42055504
42058219
42058219
42058219
42058219
42058219
42058790
42058790
42058790
42058790
42058790
42062480
42062480
42062480
42062480
42062480
42068213
42068213
42068213
42068213
42068213
42068370
42068370
42068370
42068370
42068370
42070437
42070437
42070437
42070437
42070437
42074287
42074287
42074287
42074287
42074287
42082906
42082906
42082906
42082906
42082906
42088850
42088850
42088850
42088850
42088850
42089141
42089141
42089141
42089141
42089141
42098291
42098291
42098291
42098291
42098291
42099822
42099822
42099822
42099822
42099822
42104202
42104202
42104202
42104202
42104202
42107406
42107406
42107406
42107406
42107406
42111512
42111512
42111512
42111512
42111512
42114991
42114991
42114991
42114991
42114991
42119030
42119030
42119030
42119030
42119030
42122994
42122994
42122994
42122994
42122994
42141296
42141296
42141296
42141296
42141296
42142246
42142246
42142246
42142246
42142246
42143830
42143830
42143830
42143830
42143830
42145321
42145321
42145321
42145321
42145321
42147910
42147910
42147910
42147910
42147910
42148767
42148767
42148767
42148767
42148767
42151342
42151342
42151342
42151342
42151342
42156847
42156847
42156847
42156847
42156847
42159393
42159393
42159393
42159393
42159393
42159934
42159934
42159934
42159934
42159934
42173006
42173006
42173006
42173006
42173006
42173920
42173920
42173920
42173920
42173920
42177092
42177092
42177092
42177092
42177092
42181661
42181661
42181661
42181661
42181661
42194448
42194448
42194448
42194448
42194448
42196989
42196989
42196989
42196989
42196989
42197111
42197111
42197111
42197111
42197111
42200082
42200082
42200082
42200082
42200082
42202023
42202023
42202023
42202023
42202023
42204511
42204511
42204511
42204511
42204511
42205367
42205367
42205367
42205367
42205367
42224504
42224504
42224504
42224504
42224504
42225868
42225868
42225868
42225868
42225868
42233786
42233786
42233786
42233786
42233786
42258898
42258898
42258898
42258898
42258898
42265249
42265249
42265249
42265249
42265249
42266481
42266481
42266481
42266481
42266481
42267502
42267502
42267502
42267502
42267502
42269030
42269030
42269030
42269030
42269030
42273276
42273276
42273276
42273276
42273276
42293081
42293081
42293081
42293081
42293081
42294024
42294024
42294024
42294024
42294024
42298287
42298287
42298287
42298287
42298287
42299540
42299540
42299540
42299540
42299540
42300443
42300443
42300443
42300443
42300443
42324482
42324482
42324482
42324482
42324482
42329653
42329653
42329653
42329653
42329653
42335366
42335366
42335366
42335366
42335366
42350761
42350761
42350761
42350761
42350761
42350888
42350888
42350888
42350888
42350888
42377973
42377973
42377973
42377973
42377973
42380474
42380474
42380474
42380474
42380474
42400428
42400428
42400428
42400428
42400428
42409754
42409754
42409754
42409754
42409754
42412694
42412694
42412694
42412694
42412694
42419930
42419930
42419930
42419930
42419930
42424626
42424626
42424626
42424626
42424626
42425639
42425639
42425639
42425639
42425639
42430209
42430209
42430209
42430209
42430209
42430536
42430536
42430536
42430536
42430536
42440324
42440324
42440324
42440324
42440324
42443089
42443089
42443089
42443089
42443089
42460468
42460468
42460468
42460468
42460468
42466791
42466791
42466791
42466791
42466791
42468074
42468074
42468074
42468074
42468074
42475675
42475675
42475675
42475675
42475675
42476999
42476999
42476999
42476999
42476999
42504570
42504570
42504570
42504570
42504570
42511941
42511941
42511941
42511941
42511941
42515337
42515337
42515337
42515337
42515337
42525283
42525283
42525283
42525283
42525283
42620029
42620029
42620029
42620029
42620029
42620542
42620542
42620542
42620542
42620542
42621024
42621024
42621024
42621024
42621024
42671068
42671068
42671068
42671068
42671068
42726812
42726812
42726812
42726812
42726812
42730159
42730159
42730159
42730159
42730159
42746982
42746982
42746982
42746982
42746982
42786776
42786776
42786776
42786776
42786776
42838401
42838401
42838401
42838401
42838401
42896851
42896851
42896851
42896851
42896851
42908506
42908506
42908506
42908506
42908506
42909741
42909741
42909741
42909741
42909741
42925928
42925928
42925928
42925928
42925928
42970323
42970323
42970323
42970323
42970323
42972017
42972017
42972017
42972017
42972017
42977539
42977539
42977539
42977539
42977539
42985383
42985383
42985383
42985383
42985383
42986572
42986572
42986572
42986572
42986572
42989441
42989441
42989441
42989441
42989441
42998500
42998500
42998500
42998500
42998500
43003566
43003566
43003566
43003566
43003566
43016660
43016660
43016660
43016660
43016660
43034107
43034107
43034107
43034107
43034107
43083378
43083378
43083378
43083378
43083378
43101393
43101393
43101393
43101393
43101393
43105744
43105744
43105744
43105744
43105744
43117528
43117528
43117528
43117528
43117528
43122896
43122896
43122896
43122896
43122896
43124991
43124991
43124991
43124991
43124991
43138385
43138385
43138385
43138385
43138385
43143495
43143495
43143495
43143495
43143495
43153464
43153464
43153464
43153464
43153464
43156991
43156991
43156991
43156991
43156991
43157756
43157756
43157756
43157756
43157756
43189279
43189279
43189279
43189279
43189279
43215367
43215367
43215367
43215367
43215367
43216885
43216885
43216885
43216885
43216885
43232016
43232016
43232016
43232016
43232016
43233426
43233426
43233426
43233426
43233426
43255094
43255094
43255094
43255094
43255094
43299428
43299428
43299428
43299428
43299428
43302836
43302836
43302836
43302836
43302836
43372722
43372722
43372722
43372722
43372722
46551855
46551855
46551855
46551855
46551855
46624552
46624552
46624552
46624552
46624552
46630043
46630043
46630043
46630043
46630043
46698040
46698040
46698040
46698040
46698040
46701592
46701592
46701592
46701592
46701592
46708313
46708313
46708313
46708313
46708313
46719786
46719786
46719786
46719786
46719786
46748969
46748969
46748969
46748969
46748969
46796235
46796235
46796235
46796235
46796235
46815090
46815090
46815090
46815090
46815090
46851396
46851396
46851396
46851396
46851396
46862792
46862792
46862792
46862792
46862792
46866478
46866478
46866478
46866478
46866478
46875217
46875217
46875217
46875217
46875217
46876988
46876988
46876988
46876988
46876988
46880740
46880740
46880740
46880740
46880740
46884616
46884616
46884616
46884616
46884616
46895988
46895988
46895988
46895988
46895988
46899997
46899997
46899997
46899997
46899997
46905026
46905026
46905026
46905026
46905026
46924746
46924746
46924746
46924746
46924746
46932471
46932471
46932471
46932471
46932471
46937435
46937435
46937435
46937435
46937435
46950784
46950784
46950784
46950784
46950784
46953708
46953708
46953708
46953708
46953708
46958189
46958189
46958189
46958189
46958189
46984646
46984646
46984646
46984646
46984646
46986549
46986549
46986549
46986549
46986549
46995381
46995381
46995381
46995381
46995381
47021771
47021771
47021771
47021771
47021771
47030129
47030129
47030129
47030129
47030129
47032003
47032003
47032003
47032003
47032003
47062616
47062616
47062616
47062616
47062616
47169726
47169726
47169726
47169726
47169726
47172804
47172804
47172804
47172804
47172804
47228710
47228710
47228710
47228710
47228710
47256675
47256675
47256675
47256675
47256675
47303610
47303610
47303610
47303610
47303610
47414335
47414335
47414335
47414335
47414335
