15 	 1
16 	 2
16 	 3
17 	 4
17 	 5
18 	 6
18 	 7
19 	 8
20 	 9
20 	 10
20 	 11
20 	 12
20 	 13
20 	 14
20 	 15
21 	 16
21 	 17
21 	 18
21 	 19
21 	 20
21 	 21
21 	 22
21 	 23
21 	 24
21 	 25
21 	 26
21 	 27
21 	 28
21 	 29
21 	 30
21 	 31
21 	 32
21 	 33
21 	 34
21 	 35
21 	 36
21 	 37
21 	 38
21 	 39
21 	 40
22 	 41
22 	 42
22 	 43
22 	 44
22 	 45
22 	 46
22 	 47
22 	 48
22 	 49
22 	 50
22 	 51
22 	 52
22 	 53
22 	 54
22 	 55
22 	 56
22 	 57
22 	 58
22 	 59
22 	 60
22 	 61
22 	 62
23 	 63
23 	 64
23 	 65
23 	 66
23 	 67
23 	 68
23 	 69
23 	 70
23 	 71
23 	 72
23 	 73
23 	 74
24 	 75
24 	 76
24 	 77
24 	 78
24 	 79
24 	 80
24 	 81
25 	 82
25 	 83
25 	 84
25 	 85
25 	 86
26 	 87
26 	 88
26 	 89
27 	 90
27 	 91
28 	 92
28 	 93
29 	 94
30 	 95
30 	 96
31 	 97
33 	 98
35 	 99
1593 	 100
