485 	 1
493 	 2
498 	 3
503 	 4
507 	 5
511 	 6
514 	 7
518 	 8
521 	 9
524 	 10
527 	 11
530 	 12
533 	 13
536 	 14
540 	 15
543 	 16
546 	 17
549 	 18
552 	 19
555 	 20
559 	 21
562 	 22
565 	 23
569 	 24
572 	 25
575 	 26
579 	 27
582 	 28
586 	 29
590 	 30
593 	 31
597 	 32
600 	 33
604 	 34
608 	 35
611 	 36
615 	 37
619 	 38
622 	 39
626 	 40
630 	 41
634 	 42
638 	 43
642 	 44
646 	 45
650 	 46
654 	 47
659 	 48
663 	 49
668 	 50
672 	 51
676 	 52
680 	 53
685 	 54
690 	 55
695 	 56
700 	 57
705 	 58
709 	 59
715 	 60
720 	 61
725 	 62
731 	 63
737 	 64
743 	 65
749 	 66
756 	 67
763 	 68
770 	 69
778 	 70
786 	 71
794 	 72
803 	 73
812 	 74
822 	 75
833 	 76
845 	 77
857 	 78
872 	 79
889 	 80
910 	 81
936 	 82
969 	 83
1018 	 84
1087 	 85
1204 	 86
1417 	 87
1841 	 88
2150 	 89
2329 	 90
2452 	 91
2560 	 92
2660 	 93
2766 	 94
2880 	 95
3007 	 96
3193 	 97
3389 	 98
3568 	 99
33022 	 100
