28
28
28
28
28
28
28
28
28
28
28
28
28
28
28
28
32
32
36
36
36
36
36
36
40
40
40
44
44
44
44
44
44
44
44
48
48
48
48
48
48
52
52
52
52
52
52
52
52
52
52
52
52
56
56
56
56
56
56
56
56
60
60
60
60
60
60
60
64
64
64
64
64
68
68
68
68
68
68
72
72
76
76
76
76
76
76
76
76
76
76
80
80
80
80
84
88
88
88
88
88
88
88
88
88
88
88
96
96
96
96
100
100
100
100
100
100
100
100
100
100
100
100
100
100
104
104
104
104
104
104
104
104
104
104
104
104
104
104
104
104
104
108
108
108
112
120
120
120
120
120
120
120
120
120
120
124
124
128
128
128
132
132
132
132
132
132
136
136
136
136
136
140
140
140
140
140
140
140
140
140
140
140
140
140
140
140
140
140
140
144
144
144
144
144
144
148
152
152
152
152
152
156
156
156
156
156
156
156
156
156
156
156
160
160
160
160
160
160
160
160
160
160
160
160
160
160
160
160
160
160
160
160
160
160
160
160
160
168
168
168
168
168
168
168
168
168
168
168
168
172
176
176
176
176
176
176
176
176
176
180
180
180
180
180
180
180
180
180
184
184
192
192
192
192
196
196
200
200
200
200
200
200
200
200
200
200
200
200
204
208
208
208
208
212
212
220
220
220
220
224
224
228
228
228
232
232
240
240
240
240
240
240
240
240
240
240
240
240
240
240
240
240
240
252
252
252
256
260
260
260
260
264
264
272
272
280
280
280
280
280
280
280
280
280
280
280
280
280
280
280
280
280
284
304
304
304
308
308
312
312
320
324
328
332
336
336
336
336
336
336
344
360
372
384
392
400
420
420
420
420
420
420
420
420
420
432
432
432
432
432
432
432
452
456
460
468
472
476
480
480
480
480
496
496
496
496
500
500
500
500
504
504
504
504
504
504
504
504
504
504
504
504
504
504
504
520
520
532
532
532
532
532
532
532
532
532
532
532
532
532
532
540
540
540
540
540
552
552
552
588
588
588
588
608
612
616
616
620
620
620
628
628
640
644
644
644
648
656
656
660
660
660
664
664
668
668
668
672
672
672
672
672
672
680
696
700
700
720
720
720
720
720
720
720
720
720
720
720
720
720
720
720
720
720
744
748
756
756
756
756
764
788
792
808
812
816
828
832
836
840
840
840
840
840
840
840
840
840
856
856
864
864
864
864
864
864
864
864
864
864
864
864
864
864
868
868
868
868
872
900
912
920
920
920
920
920
924
924
924
924
924
924
956
960
960
960
968
972
992
992
992
992
996
1000
1004
1008
1008
1008
1008
1008
1008
1008
1008
1008
1008
1008
1008
1008
1008
1008
1012
1012
1012
1016
1016
1016
1020
1020
1044
1056
1056
1056
1056
1056
1056
1056
1056
1056
1056
1064
1064
1064
1064
1064
1064
1064
1064
1064
1064
1064
1064
1064
1080
1092
1092
1092
1092
1096
1100
1104
1104
1104
1116
1124
1144
1152
1152
1152
1152
1152
1160
1160
1160
1164
1168
1176
1184
1188
1188
1196
1224
1232
1236
1248
1248
1248
1248
1248
1248
1248
1248
1248
1248
1248
1248
1248
1248
1260
1260
1260
1260
1264
1276
1276
1276
1280
1288
1288
1296
1296
1296
1296
1296
1296
1296
1320
1320
1320
1344
1364
1368
1380
1380
1380
1388
1400
1400
1400
1400
1400
1400
1400
1400
1400
1404
1404
1408
1408
1428
1428
1440
1440
1440
1440
1440
1440
1440
1440
1440
1440
1440
1440
1440
1440
1440
1440
1440
1440
1440
1440
1440
1440
1440
1440
1440
1440
1440
1440
1440
1440
1452
1472
1476
1476
1480
1480
1480
1480
1480
1480
1480
1480
1480
1496
1496
1500
1512
1512
1512
1512
1520
1520
1520
1520
1520
1520
1520
1528
1540
1540
1548
1548
1564
1584
1584
1584
1584
1584
1584
1584
1584
1584
1584
1596
1596
1596
1596
1596
1596
1596
1596
1596
1596
1596
1596
1632
1632
1632
1656
1656
1672
1676
1680
1720
1728
1728
1728
1728
1728
1728
1728
1732
1736
1760
1764
1776
1800
1828
1848
1856
1860
1868
1872
1920
1920
1920
1920
1920
1936
1944
1968
1980
1984
2016
2016
2016
2016
2016
2016
2016
2016
2016
2056
2056
2056
2056
2056
2056
2056
2056
2064
2064
2072
2080
2112
2112
2112
2112
2112
2128
2128
2128
2128
2128
2128
2128
2156
2160
2160
2160
2160
2160
2160
2160
2176
2196
2204
2208
2208
2208
2208
2208
2208
2208
2208
2208
2208
2208
2208
2208
2208
2208
2208
2208
2208
2220
2232
2272
2272
2320
2324
2324
2324
2340
2352
2352
2356
2380
2396
2400
2412
2448
2464
2480
2480
2492
2492
2492
2496
2496
2496
2496
2496
2496
2496
2496
2496
2496
2496
2544
2548
2548
2580
2592
2592
2592
2592
2596
2604
2608
2608
2628
2632
2640
2640
2660
2660
2660
2660
2680
2688
2688
2716
2720
2728
2744
2768
2772
2772
2772
2776
2784
2784
2792
2792
2792
2792
2792
2800
2800
2800
2800
2800
2800
2800
2800
2800
2800
2800
2800
2808
2808
2808
2812
2828
2844
2856
2856
2856
2880
2880
2880
2880
2880
2880
2880
2880
2880
2880
2880
2880
2880
2880
2880
2880
2880
2880
2880
2880
2880
2880
2912
2912
2912
2912
2912
2912
2912
2916
2916
2932
2932
2932
2932
2932
2932
2932
2940
2940
2948
2948
2948
2956
2960
2976
2980
2992
3012
3012
3012
3012
3024
3032
3032
3032
3032
3040
3068
3072
3084
3096
3100
3100
3108
3112
3116
3116
3116
3116
3120
3120
3140
3140
3152
3152
3160
3160
3160
3160
3164
3168
3168
3168
3172
3184
3192
3204
3216
3220
3220
3224
3224
3240
3240
3260
3260
3260
3280
3288
3292
3312
3312
3312
3312
3312
3312
3312
3320
3320
3336
3336
3336
3336
3340
3340
3348
3348
3356
3356
3356
3356
3360
3360
3372
3372
3376
3380
3380
3384
3400
3400
3400
3400
3404
3416
3416
3416
3416
3416
3416
3420
3420
3420
3424
3428
3432
3432
3432
3432
3432
3432
3432
3432
3452
3452
3452
3452
3452
3452
3456
3456
3460
3460
3460
3460
3460
3472
3472
3472
3472
3472
3476
3484
3484
3500
3500
3508
3512
3512
3516
3516
3516
3528
3548
3560
3564
3564
3564
3564
3580
3580
3580
3584
3584
3596
3600
3600
3600
3600
3628
3628
3628
3628
3628
3628
3628
3628
3640
3640
3644
3648
3656
3660
3660
3664
3668
3668
3672
3680
3680
3692
3692
3692
3700
3700
3700
3700
3700
3704
3704
3704
3704
3704
3712
3720
3720
3720
3728
3728
3744
3744
3744
3744
3744
3744
3744
3760
3760
3760
3760
3776
3780
3780
3788
3788
3804
3812
3812
3812
3812
3812
3828
3840
3840
3844
3848
3852
3852
3852
3852
3852
3852
3860
3880
3880
3888
3888
3888
3896
3896
3896
3896
3904
3920
3924
3924
3924
3924
3924
3924
3928
3932
3932
3936
3948
3952
3952
3952
3952
3952
3952
3952
3952
3956
3960
3960
3968
3980
3984
3996
4000
4000
4000
4000
4008
4024
4032
4032
4032
4032
4032
4032
4032
4032
4032
4032
4032
4040
4060
4064
4068
4068
4068
4076
4080
4092
4096
4112
4136
4140
4176
4180
4200
4200
4200
4200
4200
4200
4204
4208
4212
4212
4220
4224
4248
4248
4248
4248
4248
4248
4248
4248
4248
4248
4248
4248
4248
4248
4248
4264
4264
4272
4276
4276
4284
4292
4304
4316
4316
4320
4320
4320
4320
4320
4320
4320
4320
4320
4320
4320
4320
4320
4320
4320
4340
4356
4360
4364
4368
4368
4392
4416
4416
4416
4416
4416
4416
4416
4416
4416
4416
4416
4428
4428
4464
4488
4488
4492
4496
4512
4512
4532
4536
4536
4540
4560
4572
4572
4584
4608
4620
4628
4640
4656
4656
4704
4720
4752
4752
4752
4752
4752
4752
4752
4752
4752
4788
4792
4792
4800
4800
4800
4812
4836
4860
4892
4924
4932
4944
4968
4992
4992
4992
4992
4992
4992
4992
4992
4992
4992
4992
5000
5016
5016
5016
5032
5036
5040
5088
5100
5104
5112
5112
5112
5112
5112
5112
5112
5172
5220
5220
5232
5272
5280
5280
5280
5292
5364
5376
5376
5384
5408
5412
5412
5412
5428
5568
5568
5568
5568
5600
5600
5600
5600
5600
5600
5600
5600
5600
5724
5760
5760
5760
5760
5760
5760
5760
5760
5760
5760
5808
5840
5940
5940
5940
5940
5940
5964
5976
6000
6048
6068
6072
6076
6120
6204
6240
6240
6240
6336
6372
6384
6396
6408
6480
6520
6552
6576
6600
6624
6624
6624
6624
6700
6732
6760
6840
6864
6876
6888
6944
6996
6996
7000
7000
7000
7000
7000
7120
7152
7160
7164
7200
7200
7200
7200
7200
7200
7248
7296
7296
7332
7420
7500
7520
7620
7628
7668
7720
7720
7728
7768
7920
7924
7932
7932
7940
7940
7968
7968
7980
8016
8016
8040
8064
8064
8064
8064
8080
8120
8160
8188
8228
8236
8272
8272
8272
8280
8304
8316
8320
8360
8360
8364
8364
8400
8400
8400
8400
8460
8472
8480
8496
8496
8496
8500
8500
8536
8580
8600
8608
8640
8640
8660
8664
8668
8680
8700
8712
8720
8736
8756
8756
8756
8800
8832
8832
8832
8844
8844
8848
8876
8888
8964
8980
8984
9060
9072
9072
9080
9092
9092
9100
9108
9120
9140
9152
9188
9192
9196
9196
9196
9216
9240
9284
9312
9360
9360
9368
9372
9416
9432
9464
9528
9540
9544
9560
9600
9600
9600
9612
9624
9640
9668
9688
9712
9720
9736
9744
9768
9788
9800
9840
9840
9840
9884
9924
9944
9960
9996
10000
10032
10044
10080
10100
10100
10120
10120
10124
10152
10152
10156
10156
10220
10224
10224
10224
10224
10224
10224
10224
10224
10252
10260
10264
10280
10340
10340
10356
10360
10376
10380
10380
10384
10436
10448
10476
10480
10488
10500
10500
10504
10516
10516
10516
10536
10560
10584
10596
10620
10648
10652
10656
10680
10680
10712
10724
10736
10736
10736
10744
10752
10780
10780
10800
10824
10836
10864
10940
10956
10956
10964
11000
11000
11040
11128
11132
11132
11132
11132
11136
11136
11144
11160
11176
11252
11264
11264
11280
11308
11328
11328
11340
11396
11396
11396
11440
11460
11464
11472
11528
11528
11580
11652
11680
11688
11700
11704
11744
11760
11792
11792
11836
11836
11840
11856
11872
11880
11880
11880
11880
11968
11988
12000
12012
12060
12080
12096
12096
12100
12100
12100
12180
12240
12308
12320
12360
12444
12456
12480
12488
12540
12576
12584
12600
12620
12624
12640
12664
12672
12720
12740
12760
12780
12784
12804
12912
12912
12944
12988
13000
13016
13024
13032
13056
13056
13056
13068
13104
13124
13124
13124
13152
13248
13312
13320
13328
13392
13396
13396
13440
13464
13464
13520
13556
13584
13600
13632
13736
13760
13768
13804
13824
13872
13920
13920
13920
13920
13932
13940
13940
13940
13984
14000
14000
14064
14076
14076
14148
14184
14208
14212
14256
14256
14280
14280
14304
14336
14348
14368
14416
14432
14484
14620
14620
14688
14688
14756
14960
14960
14996
15016
15024
15072
15112
15160
15160
15164
15168
15232
15268
15300
15336
15336
15336
15408
15408
15408
15440
15488
15504
15504
15520
15572
15584
15640
15648
15680
15720
15840
15892
15912
15912
15936
16120
16128
16128
16160
16184
16240
16272
16272
16272
16272
16272
16272
16320
16320
16360
16384
16408
16436
16488
16488
16488
16488
16488
16488
16520
16536
16540
16560
16576
16592
16600
16616
16668
16668
16668
16668
16668
16668
16696
16704
16704
16772
16772
16776
16812
16812
16812
16812
16812
16812
16884
16884
16884
16884
16884
16884
16896
16896
16908
16912
16936
16936
16944
16956
16992
16992
16992
16992
16992
16992
16992
17020
17020
17024
17028
17028
17028
17028
17028
17028
17064
17064
17064
17064
17064
17064
17088
17100
17100
17100
17100
17100
17100
17108
17136
17136
17136
17136
17136
17136
17156
17220
17296
17316
17316
17316
17316
17316
17316
17320
17376
17380
17384
17388
17388
17388
17388
17388
17388
17424
17424
17424
17424
17424
17424
17424
17460
17460
17460
17460
17460
17460
17496
17496
17496
17496
17496
17496
17532
17532
17532
17532
17532
17532
17568
17568
17568
17568
17568
17568
17576
17600
17608
17612
17616
17616
17640
17668
17680
17680
17688
17688
17712
17712
17712
17712
17712
17712
17776
17808
17892
17892
17892
17892
17892
17892
17920
18048
18072
18072
18072
18072
18072
18072
18080
18096
18128
18216
18216
18216
18216
18216
18216
18228
18232
18256
18256
18284
18288
18292
18312
18324
18324
18324
18324
18324
18324
18340
18360
18360
18360
18360
18360
18360
18368
18380
18408
18440
18480
18504
18540
18592
18600
18620
18672
18704
18704
18756
18856
18900
18900
18900
18900
18900
18900
18912
19096
19120
19144
19152
19160
19168
19196
19264
19268
19376
19392
19404
19460
19488
19504
19520
19536
19536
19544
19572
19584
19584
19584
19584
19600
19656
19748
19760
19768
19768
19796
19824
19852
19880
19904
19908
19920
20064
20096
20096
20108
20132
20160
20160
20208
20216
20244
20244
20300
20356
20372
20376
20412
20416
20416
20440
20448
20460
20472
20496
20504
20504
20544
20548
20616
20644
20688
20748
20752
20776
20812
20840
20860
20880
20916
20944
20944
20968
21032
21040
21076
21120
21120
21140
21208
21216
21220
21296
21384
21392
21420
21456
21472
21488
21504
21516
21560
21588
21604
21648
21692
21692
21692
21696
21696
21736
21760
21760
21840
21868
21956
21984
22000
22024
22080
22088
22116
22132
22172
22176
22232
22264
22272
22320
22396
22432
22440
22440
22484
22484
22512
22528
22528
22540
22572
22616
22624
22656
22656
22728
22768
22792
22792
22880
22888
22924
22924
22924
22976
23000
23008
23040
23080
23168
23188
23276
23280
23360
23392
23456
23496
23496
23584
23600
23716
23744
23792
23804
23816
23892
23920
24012
24080
24080
24240
24336
24416
24464
24480
24480
24480
24584
24600
24612
24624
24780
24800
24816
24904
24912
24960
24980
25060
25060
25060
25068
25092
25152
25248
25248
25272
25296
25328
25344
25480
25488
25560
25584
25600
25632
25696
25728
25728
25728
25728
25760
25900
25936
25944
26064
26064
26128
26176
26196
26208
26208
26336
26352
26368
26492
26492
26492
26556
26580
26592
26688
26736
26736
26744
26768
26776
26784
26844
26864
27004
27008
27216
27216
27216
27456
27456
27504
27600
27616
27648
27648
27704
27768
27984
27992
28096
28192
28340
28800
28980
29024
29044
29124
29164
29472
29532
29648
29792
29856
29984
30052
30128
30172
30480
30528
30672
30752
30988
31192
31360
31416
31428
31532
31740
31824
31832
31968
32064
32128
32132
32160
32192
32200
32292
32304
32416
32568
32568
32684
32692
32756
32976
33028
33112
33120
33136
33212
33300
33316
33408
33416
33448
33572
33600
33636
33672
33948
33984
34072
34140
34176
34224
34240
34240
34240
34356
34432
34484
34536
34560
34872
34880
34912
34928
34956
34976
35080
35196
35352
35368
35424
35552
35600
35684
35692
35700
35732
35756
35808
35812
35812
35840
35848
35864
35888
35904
35904
35992
36036
36036
36224
36248
36256
36344
36388
36448
36480
36484
36512
36520
36580
36696
36696
36696
36732
36768
36848
36848
36968
36992
37004
37004
37040
37056
37092
37128
37212
37216
37248
37264
37336
37352
37356
37480
37520
37520
37520
37576
37576
37576
37576
37604
37664
37664
37688
37708
37760
37996
38016
38048
38112
38160
38256
38272
38368
38416
38448
38496
38520
38556
38556
38588
38676
38676
38800
38836
38916
39004
39072
39100
39120
39264
39312
39468
39468
39536
39552
39744
39996
40032
40040
40176
40320
40320
40416
40572
40608
40824
40944
41088
41184
41256
41280
41280
41328
41520
41856
41880
41920
42080
42136
42144
42192
42208
42336
42384
42480
42592
42720
42824
42840
42848
42912
42928
43136
43160
43200
43248
43400
43440
43440
43488
43504
43516
43720
43800
43824
43996
44040
44352
44400
44448
44608
44656
44928
45144
45196
45216
45288
45288
45356
45384
45472
45520
45680
45796
45796
45880
46080
46080
46080
46080
46120
46176
46276
46372
46372
46400
46508
46508
46552
46704
46720
46748
46748
46944
47036
47036
47280
47392
47392
47624
47696
47696
47808
47808
47880
48012
48012
48024
48096
48208
48308
48308
48316
48316
48640
48748
48776
48776
48816
48880
48972
49020
49020
49104
49200
49200
49200
49436
49656
49676
49676
49684
49684
49904
49968
49968
50064
50112
50120
50120
50160
50216
50352
50352
50400
50448
50524
50524
50600
50608
50736
50776
50776
50804
50832
50832
50880
50968
50968
51004
51004
51168
51264
51408
51520
51672
51696
51720
51840
51840
51928
51960
51984
52024
52080
52272
52348
52472
52472
52524
52524
52656
52824
52984
52984
53040
53136
53280
53328
53360
53448
53700
53712
53720
53760
53872
53884
53940
54240
54360
54440
54480
54520
54624
54960
54984
55016
55160
55296
55344
55440
55608
55656
56156
56252
56376
56408
56476
56848
56856
56940
57036
57036
57060
57068
57120
57288
57344
57400
57420
57428
57456
57600
57600
57620
57640
57728
57816
57932
57960
57988
57988
58080
58080
58128
58168
58240
58240
58268
58296
58300
58352
58408
58464
58476
58588
58680
58688
58696
58896
58940
59048
59052
59100
59136
59164
59164
59164
59220
59220
59304
59360
59388
59432
59444
59472
59472
59496
59580
59588
59664
59724
59796
59808
59840
59892
59920
59928
60060
60076
60144
60148
60236
60300
60328
60340
60368
60400
60444
60536
60588
60620
60620
60700
60704
60704
60704
60720
60760
60900
60952
61056
61072
61088
61248
61292
61348
61388
61404
61640
61664
61860
62000
62100
62192
62216
62520
62560
62596
62720
62768
62880
62888
63180
63208
63300
63360
63360
63360
63540
63648
63660
63792
63840
63840
63900
63988
64100
64100
64200
64384
64584
64664
64700
65304
65488
65596
65600
65700
65800
65880
66240
66240
66276
66288
66368
66384
66600
66632
66700
66700
66800
66900
66920
67000
67152
67400
67440
67480
67536
67584
67812
67900
68080
68172
68200
68280
68400
68480
68692
69000
69120
69120
69120
69120
69200
69456
69500
69500
69648
69800
69840
69900
69912
69972
69984
70136
70268
70272
70300
70400
70416
71000
71060
71060
71120
71148
71208
71232
71236
71400
71444
71516
71544
71640
71680
71736
71752
71764
72100
72200
72204
72240
72380
72528
72704
72732
72876
72952
72960
73044
73172
73216
73348
73400
73420
73432
73536
73600
73632
73768
73776
73788
73788
73892
73904
73908
74060
74184
74208
74352
74356
74432
74480
74576
74580
74652
74672
74880
74880
75020
75036
75072
75088
75108
75128
75200
75216
75236
75240
75240
75384
75480
75480
75504
75608
75608
75628
75660
75720
75720
75740
75740
75816
75816
75816
75888
75992
75992
75992
76024
76032
76140
76140
76232
76284
76320
76368
76480
76500
76500
76544
76560
76720
76748
76752
76752
76752
76776
76804
76804
76804
76860
76908
76908
76908
76960
76960
76980
76980
77000
77000
77064
77064
77120
77120
77140
77140
77140
77160
77160
77180
77180
77256
77272
77300
77300
77300
77300
77376
77376
77420
77420
77440
77440
77440
77440
77488
77532
77532
77636
77636
77672
77700
77720
77720
77740
77760
77760
77792
77800
77800
77808
77840
77840
77896
77896
77900
77900
77924
77952
77960
77960
78000
78036
78052
78052
78096
78156
78156
78260
78316
78336
78364
78364
78416
78416
78468
78468
78484
78500
78500
78536
78624
78672
78676
78676
78676
78700
78736
78740
78740
78768
78792
78832
78884
78936
78960
78988
78988
79000
79072
79092
79092
79092
79100
79112
79144
79144
79212
79248
79248
79260
79296
79300
79324
79340
79340
79404
79404
79404
79404
79520
79576
79772
79800
79800
79800
79872
79872
79880
79880
79912
79912
79968
80028
80100
80360
80440
80600
80640
80640
80704
80704
80720
80784
80836
80868
80912
80912
80960
81016
81088
81172
81432
81456
81984
82000
82244
82432
82560
82680
82740
82984
83044
83044
83160
83216
83320
83720
83752
83760
83800
84200
84640
84800
85276
85492
85600
85720
85872
85928
86100
86400
86940
87308
87692
87840
87888
88320
88436
88688
88792
89012
89320
89408
89436
89436
89608
89680
89900
90156
90160
90400
90480
90720
90720
90772
90860
90988
90992
90992
90992
91060
91168
91176
91344
91360
91408
91520
91608
91784
91840
91988
92004
92092
92092
92104
92180
92488
92592
92664
92880
92904
92920
93032
93148
93268
93324
93656
93656
93844
93984
94116
94464
94484
94720
94944
95088
95404
95404
95952
96048
96976
97336
97520
97524
97556
97612
97920
98368
98440
98440
99024
99024
99168
99296
99360
99456
99600
99636
99648
99840
99956
100108
100408
100512
101016
101184
101660
101660
101752
101940
102336
102432
102576
102640
102672
102720
102856
102856
102912
102948
103040
103056
103104
103392
103600
103620
103680
103708
103868
103868
104016
104256
104516
104864
104880
105064
105212
105336
105368
105424
105468
105668
105732
105800
105888
106060
106216
106444
106536
106536
106612
106656
106788
106856
106864
106960
107008
107096
107140
107316
107360
107472
107548
107548
107580
107712
107976
108008
108304
108672
108692
108724
108868
108944
109252
109296
109384
109572
109572
109724
109824
109892
109940
109956
110032
110216
110216
110216
110352
110492
110492
110936
111044
111044
111136
111136
111296
111400
112428
112480
112608
112792
113068
113712
113712
113780
113992
114044
114148
114356
114356
114432
114896
115920
116012
116744
117208
117208
117208
117320
117392
117392
117420
117576
117576
117852
118312
118956
118956
119020
119140
119140
119576
119808
120244
121072
121352
121532
121532
121808
121808
123496
124656
124912
124936
125396
125396
125400
125800
125800
126528
126784
127504
127528
127648
127680
127788
127888
127960
128192
128536
128784
128800
128800
129776
130184
130224
130752
130832
131720
131856
132736
132960
133368
133480
133496
134672
135272
135416
135568
135800
136168
136204
136528
137104
137280
137864
138304
138480
138960
139588
139680
139816
140168
140848
141696
141784
141952
142688
142720
142992
143088
143472
144720
144768
144776
145388
145632
145868
145968
146016
146064
146064
146348
146664
146712
146864
146880
147168
147496
147648
147936
147980
148224
148224
148320
148752
149036
149280
149808
149960
150200
150200
150208
150524
150860
151392
151672
151736
152064
152112
152208
152360
152540
152864
152880
152880
153108
153208
153408
153452
153472
153488
153592
153624
153648
153696
153872
154128
154364
154368
154408
154484
154808
155048
155240
155248
155280
155488
155736
155840
155892
155928
156104
156144
156648
156672
156960
157280
157472
157488
157608
158256
158352
158544
158656
158920
159576
159840
160040
160152
160280
160540
160752
160904
160908
160992
161056
161096
161280
161572
161912
162112
162304
162876
163440
163488
163688
163836
164208
164640
164784
165400
165784
165840
166176
166656
166792
166944
167264
167288
167328
167752
168116
168192
168464
168480
168676
169076
169104
169792
169800
169912
169984
170040
170208
170216
170256
170712
170972
171048
171080
171496
171496
171596
171912
171940
171976
172016
172228
172236
172392
172552
172656
172744
172864
173600
173640
173888
173952
174096
174304
174304
175448
175552
175728
176072
176192
176408
177088
177112
177696
178000
178048
178192
178244
178944
178992
179608
179960
180264
180288
180864
181112
181284
181284
181904
182520
182552
182880
183032
183264
183880
184648
184688
184960
185120
185824
185992
186088
186608
186748
186772
187192
187616
187776
187880
188000
188584
188584
189336
190032
190080
190080
190176
190564
190564
190668
190732
191160
191456
191464
191576
191576
191584
191664
191664
191664
191664
191668
192060
192060
192148
192148
192384
192808
192808
192824
192960
193116
193116
193160
193160
193176
193204
193204
193204
193208
193464
193512
193512
193644
193644
193732
193732
193864
193864
193908
193908
193952
193952
194260
194260
194264
194280
194348
194348
194348
194348
194524
194524
194964
194964
195008
195008
195140
195140
195392
195492
195492
195520
195520
195624
195624
195668
195668
195712
195712
195712
195712
195800
195800
196000
196152
196152
196192
196196
196196
196900
196900
197164
197164
197164
197164
197164
197164
197252
197252
197384
197384
197516
197516
197560
197560
197648
197648
197760
197868
197868
198000
198000
198044
198044
198488
199840
200160
200168
200536
200560
200696
200712
200956
200960
200988
201068
201124
201124
201124
201124
201256
201256
201720
202736
202856
203280
204232
204564
205036
206296
206456
206480
206916
207272
207436
207480
207544
208000
208316
208656
208800
208912
209040
209356
209816
209848
210152
211280
211760
212268
212552
212800
212876
213016
214316
214880
215280
215360
215440
216288
216480
216960
217160
217336
217520
217728
217976
218880
219496
219920
221760
223432
224960
225568
227260
227976
228448
228768
229952
230400
231360
232032
232448
234576
236520
241824
245184
245836
245952
247248
248156
248580
248680
248768
248776
249300
249548
252096
252420
253084
253188
253188
253868
254000
254396
254396
254448
254724
254812
254828
254924
255248
255248
255320
255640
255640
255792
256140
256620
256860
256896
257124
257160
257280
257280
257372
257740
257820
257888
257912
257912
258048
258164
258280
258280
258372
258372
258376
258376
258520
258700
258700
258800
258804
258900
258900
258952
258952
258980
258980
259016
259016
259144
259200
259380
259632
259680
259720
259720
259812
259864
259916
259920
259936
260100
260104
260280
260316
260316
260324
260324
260368
260580
260580
260740
260820
260824
260824
260860
261000
261012
261120
261360
261420
261476
261476
261596
261596
261676
261676
261780
261884
261884
261900
261956
261956
262140
262168
262200
262224
262392
262400
262704
262868
262868
263044
263044
263140
263140
263340
263444
263444
263460
263820
263880
263964
264060
264120
264384
264420
264420
264652
264840
264900
265020
265828
266216
266304
266352
266532
266532
266760
266880
266880
267000
267480
267540
267800
268176
268732
268860
268980
269136
269340
269400
269580
269820
269904
270000
270060
271488
272672
272988
274176
274176
274260
274368
274440
275460
276676
277696
277748
278160
278208
278764
279196
280052
280296
280424
280584
280820
281096
281664
281940
282208
282608
282992
284152
285388
285516
286348
287040
287232
287948
288928
289584
290304
290304
290304
290840
291312
293544
294336
294436
294960
295036
295620
295824
296160
296288
298656
299800
300456
300524
300856
302012
302464
302860
303072
303264
303296
303456
303504
304044
304600
305268
305668
306528
306720
306964
307320
307396
307584
308024
308620
308976
309364
309384
310320
310844
311632
311808
311912
312532
312960
314200
314256
314496
314496
314664
315320
315360
315640
315820
315952
316040
316300
316576
316760
317744
317800
317968
318032
318312
318348
318360
318480
318528
318528
319248
320560
320780
321248
321504
321728
322192
322396
322560
322700
322800
322988
323004
323552
323648
323760
323856
324268
324676
324684
324760
324772
324792
324852
324880
324912
325024
325036
325312
325360
325440
325540
325668
325760
325860
326248
326480
326520
326592
326592
326592
326744
327024
327312
327320
327324
327400
327704
328056
328328
328420
328440
328500
328640
329244
329468
329544
329576
329688
329816
329888
329904
329952
330200
330240
330404
330556
330716
330768
330816
330828
330920
331276
331768
331912
332000
332000
332064
332272
332372
332688
332772
332784
333108
333440
333632
334148
334184
334240
334360
334428
334656
334688
334876
335880
336144
336628
336832
337336
337476
337776
337916
338080
338424
338912
338960
339360
339388
339456
340032
340108
340268
340284
340384
340572
341376
341952
341964
342048
342144
342424
342712
342720
342768
343780
343968
344072
345528
345984
346380
346564
346656
347232
347300
347568
347716
347760
347820
348984
349024
349784
349920
350012
350496
350520
350620
350668
351872
352080
352268
352820
352944
353916
353924
354024
354048
354192
354528
354660
354816
354936
355008
355632
355680
355824
356644
356684
356688
356976
357504
357772
358156
358280
358560
358848
359376
359952
360384
361068
361232
361248
361360
361452
361776
362336
362772
363120
363176
363552
363696
363732
363744
363988
364304
364368
364796
364872
364944
365056
365184
365332
365356
366312
366528
366816
366912
367688
367776
367848
367980
368040
368132
368496
368688
368944
368976
369024
369072
369432
369548
369616
369772
370068
370108
370128
370320
370512
370656
371376
371952
372096
372332
372336
372436
372708
372720
372912
372992
373008
373320
373488
373644
374448
374508
374648
374656
374680
374736
374904
375176
375348
375792
376228
376524
376536
376704
376800
376828
376944
377376
377448
377520
377836
377952
378096
378864
378960
379052
379344
379476
379496
379872
380296
380448
380640
380832
380980
381584
381672
381888
381972
382032
382176
382292
382720
382944
382984
383240
384336
384352
384988
385028
385112
385344
385572
386020
386204
386340
386444
386544
386928
387120
387600
388184
388296
388540
388584
388584
389048
389112
389168
389340
389376
390012
390288
390364
390572
391504
392304
392628
394356
394476
394512
394608
394652
394888
395176
395432
395664
395696
396128
396576
396620
396636
397036
397232
397524
397728
397872
399376
399532
399552
399988
400268
400368
400564
400588
400712
400752
401988
403728
404304
404304
404736
405120
405552
405764
406416
406736
407520
407616
408696
408820
409152
409968
410184
410384
413020
414564
414960
415488
415792
416332
416640
417024
418672
418936
419116
421584
421648
422564
423336
425164
425412
426320
426964
428024
429364
429972
430080
433192
433384
434200
434256
437044
439652
439728
444488
444752
445236
461912
465388
480508
482340
491484
495096
495852
495936
496348
497028
497532
497868
498372
499044
499380
499548
499632
499716
500052
500472
500556
502404
502488
503748
503748
503748
503832
504084
504252
504504
504504
504672
505260
505260
505428
505764
505932
506268
506268
506648
508268
508452
508620
509704
510468
510552
510552
510804
511140
511728
511772
512536
513240
513408
513996
514836
515072
515676
517296
517944
520100
520892
521184
521304
521940
522400
522580
523316
524292
525188
526176
526756
527000
527004
527096
527116
527416
527588
527872
528516
528772
528992
529192
529404
529656
529916
529972
530100
530324
530336
530436
530788
531336
531356
531852
532208
532404
532460
532508
532928
532928
533460
534124
534364
534476
534580
534684
534992
535044
535408
535764
536824
537080
537132
537196
537288
537380
537380
538272
538420
538784
538784
539104
539268
539484
539628
540232
541120
541200
541608
541728
541812
541884
541964
542368
542528
542700
542796
542796
543020
543048
543676
544252
544496
544504
544848
544876
545216
545252
545388
545432
545484
545716
545720
545780
545948
546780
546892
546984
547208
547208
547864
548272
549188
549192
549536
549636
549956
550184
550280
551308
551364
551364
552140
552472
553668
556800
558756
558756
558784
559328
559328
559416
559416
559720
560868
560868
561660
562260
562464
562540
562540
562660
562920
562980
563244
563244
563400
563760
563816
563816
564040
564080
564080
564476
564476
564520
564520
564784
564784
564960
564960
565576
565576
565708
565708
565740
565884
565884
566060
566060
566148
566148
566272
566328
566588
566588
566632
566632
566760
566860
566940
566984
567380
567380
567532
567600
568656
568656
569160
569340
569640
569684
569700
570348
570460
570460
570660
570960
571200
572064
572160
572460
573084
573132
573600
573780
574028
574068
574068
574212
574488
574900
576120
576640
576868
576892
576908
577368
577376
577616
577784
577876
578160
578460
578480
578612
578636
578708
578816
579420
579736
579748
580048
580536
580560
580560
580620
580660
580820
581380
581760
581768
582072
582152
582312
582480
582752
582868
583428
583440
584100
584400
584760
585028
585204
585240
585364
585420
585532
585708
585844
585900
585976
586080
586564
586696
586740
587548
587640
587904
588488
588588
589032
589668
590040
590144
590280
590280
590408
590512
590620
590696
590940
591748
592020
592084
592284
593220
593340
593584
593700
593812
593840
594028
594212
594436
594656
594920
595144
595500
595620
596444
596872
597300
597472
597500
597644
598080
598168
598224
598440
598560
598828
598996
600072
600416
600452
601008
601124
601308
601524
601968
602160
602240
602332
602412
602564
603136
603640
603748
604760
605656
605660
606056
606080
606400
607240
607480
608400
609612
611120
611960
612120
612280
613360
613852
615048
615704
616800
617196
617280
617632
618444
618476
619864
619960
620456
620688
620720
621880
624712
625080
626100
627160
627276
627520
627868
629304
629320
631660
632068
632352
633784
633960
634356
635312
635820
636084
636500
636572
636856
636980
637216
637400
638280
639436
639472
640176
640352
641152
642440
642956
643036
643208
643984
644208
645000
645284
645740
645832
646220
646352
646640
647480
647736
647816
647852
647856
647924
647928
647984
648168
648588
648700
650288
650456
650508
653204
653580
653732
654388
655300
655900
656660
657440
657656
658100
658264
658548
658748
660148
660336
660428
660484
660616
660788
661356
661360
661780
664096
665348
666464
666904
669812
669948
670048
670484
671168
671800
673044
673448
675368
675780
675780
677500
677536
677656
677724
677736
677924
678128
678236
679868
681476
681600
681600
681708
681708
681724
681724
681780
681780
682476
682476
682780
682788
682788
683148
683148
683472
683472
684032
684032
684516
684916
684916
685440
685440
685836
685836
686500
686500
687192
687476
687684
687684
688160
688504
688504
688524
688748
688844
688844
688852
688852
689336
689676
689932
690044
690044
690116
690116
690272
690272
690292
690292
692136
692136
692788
692788
694516
696064
696268
701012
703844
705752
711368
712272
713128
713504
713824
716840
716960
717304
721024
721080
722076
722996
723020
723080
723204
723776
723892
724384
724568
725348
725480
725776
726312
726508
726920
727100
727904
727972
728552
728884
729328
729372
729968
730444
730492
730584
730668
730768
731712
731720
731924
732564
732780
733204
733864
734204
735536
735636
735648
736732
737048
737092
737164
737444
737488
737832
737928
738028
738592
738684
739132
739928
740028
740220
740372
740564
741364
742356
742396
743212
743560
743940
744212
744232
745060
745108
745852
745880
745924
746224
746352
746356
746888
747584
747620
747756
748068
748332
748552
748628
748916
748944
749124
749188
749836
749992
750256
750724
750832
750976
751044
751396
751644
751860
752616
753656
754396
757756
758984
759208
759304
759832
760996
761448
761940
762608
762720
762840
764568
764820
765836
765964
767100
768060
768756
768840
769200
769740
769800
770160
770400
771240
771420
771660
771900
772020
772620
772680
773700
774232
775440
777900
781544
782376
782656
782788
782820
782944
786920
790936
790976
791108
791888
792236
792320
793052
793092
793968
794016
794116
794840
795604
795944
796176
796680
797352
797516
798432
799580
800012
800752
801212
801260
801368
801660
802600
802688
803652
803772
804228
804936
805324
805676
806912
806980
808044
808532
808536
809040
809224
809564
809576
812388
814412
816264
820128
821780
822136
822992
824116
824264
826976
834676
835016
838776
839652
842480
849724
857164
861896
863212
871144
873768
875500
876324
877928
878160
882044
883628
884088
887544
888616
889376
889908
889908
890492
894732
895816
896020
899524
900048
900640
900744
901532
901632
901736
901896
902064
902632
902888
903120
904004
904040
904236
904320
904320
904344
904364
904440
904616
905040
905156
905508
906068
906232
906384
906848
907140
907168
907460
907728
907784
909140
909408
910152
910196
910592
910912
912608
912664
913068
913068
913444
914560
914860
927904
931396
933548
954492
962956
965512
971160
973924
975152
975332
975700
975876
975984
977872
978132
978232
980308
980412
980616
981240
981952
982800
983812
986664
986664
987672
987940
989184
990136
990276
991116
991536
992020
992292
992656
992880
993636
993720
994896
995652
996996
998004
998256
998928
999764
999936
1000356
1001784
1001952
1002120
1002792
1003548
1003800
1003836
1004388
1004472
1004892
1005648
1006236
1006740
1006908
1006908
1007268
1007552
1007832
1008000
1008084
1008236
1008336
1008756
1008844
1009260
1010100
1010228
1010268
1010268
1010440
1011024
1011492
1011844
1011864
1011884
1012184
1012508
1012580
1012636
1012892
1013324
1013612
1013628
1014696
1015192
1015288
1015332
1015400
1015432
1015688
1016388
1016424
1016820
1017056
1017156
1017272
1017444
1017620
1018200
1018288
1018612
1018668
1018832
1018832
1019256
1019428
1019428
1020264
1020316
1020956
1021024
1021716
1021984
1021984
1022020
1022828
1023756
1023848
1023860
1023860
1024028
1024476
1024476
1024700
1024960
1025124
1025260
1025568
1025568
1025940
1026016
1026052
1026052
1026144
1026400
1026812
1026812
1026976
1027068
1027240
1027428
1027428
1027528
1027684
1027684
1027868
1028508
1028668
1028688
1028688
1028704
1028732
1028748
1028820
1029096
1029356
1029356
1029428
1029580
1030344
1030972
1031552
1032340
1032388
1032388
1032868
1033600
1034572
1034572
1035344
1035344
1037172
1037172
1037468
1037468
1037684
1037684
1038984
1038984
1039108
1039108
1040356
1040356
1041624
1041624
1041928
1041928
1041980
1041980
1076712
1105640
1105944
1106952
1107624
1109924
1112384
1114568
1115072
1115404
1115412
1115748
1117740
1118208
1118520
1119772
1119868
1120056
1120504
1120776
1122072
1122832
1122984
1123024
1123956
1124312
1125272
1125804
1126780
1129040
1129044
1129248
1130108
1130864
1132168
1132188
1132920
1132936
1133648
1133828
1133832
1133888
1134272
1134592
1134716
1135100
1135212
1136488
1136508
1136748
1137472
1137976
1138360
1138696
1138704
1139376
1139432
1140888
1141016
1141968
1142120
1142392
1142780
1143340
1143800
1144408
1144752
1144752
1145876
1146056
1146068
1155560
1156008
1160264
1161532
1164408
1166816
1171352
1174532
1176224
1176380
1176836
1176840
1177120
1177212
1179484
1179568
1179976
1182452
1182532
1183040
1183440
1184472
1185336
1186596
1191588
1194304
1196308
1197248
1206124
1242788
1242788
1244096
1244096
1244316
1244316
1245452
1245452
1247108
1247108
1247140
1247140
1247272
1247272
1249204
1249204
1256316
1256316
1256756
1256756
1257304
1257304
1257320
1257320
1257324
1257324
1257496
1257496
1257788
1257788
1260884
1260884
1261072
1261072
1261908
1261908
1261916
1261916
1262180
1262180
1262260
1262260
1263316
1263316
1263928
1263928
1266160
1266160
1305172
1306360
1306360
1310628
1312476
1313268
1313928
1314456
1314588
1314676
1314984
1315292
1315380
1315952
1316700
1317096
1317272
1318108
1318196
1318900
1318900
1319604
1319648
1319692
1320704
1321320
1321496
1321980
1322772
1322904
1323388
1324004
1324180
1324180
1324664
1324752
1324796
1325192
1325456
1326424
1326512
1327744
1328096
1328184
1328492
1332144
1333420
1343672
1350976
1363596
1366904
1375192
1375616
1378932
1380704
1380940
1381620
1381868
1382048
1384688
1384780
1385288
1388100
1388148
1388864
1389328
1390520
1391704
1392980
1398932
1401920
1404260
1405568
1415836
1433656
1433656
1433656
1433656
1434636
1434636
1434852
1434852
1434852
1434852
1436680
1436680
1436680
1436680
1437112
1437112
1437112
1437112
1437936
1437936
1437936
1437936
1439344
1439344
1439344
1439344
1442816
1442816
1442816
1442816
1442908
1442908
1442908
1442908
1447016
1447016
1447016
1447016
1447624
1447624
1447624
1447624
1449652
1449652
1449652
1449652
1451228
1451228
1451228
1451228
1452180
1452180
1452180
1452180
1452488
1452488
1452488
1452488
1452536
1452536
1452536
1452536
1453304
1453304
1453304
1453304
1454368
1454368
1454368
1454368
1455108
1455108
1455108
1455108
1455204
1455204
1455204
1455204
1455696
1455696
1455696
1455696
1455708
1455708
1455708
1455708
1458060
1458060
1458060
1458060
1461584
1461584
1461584
1461584
1462944
1462944
1462944
1462944
1471808
1475396
1479868
1479868
1480544
1482572
1485016
1485484
1485952
1487044
1487564
1489436
1490840
1490892
1493180
1493440
1494584
1495988
1496116
1496116
1496404
1496408
1496408
1497548
1498276
1499836
1501056
1502100
1502712
1503476
1504116
1508832
1515384
1515384
1517180
1517180
1518452
1519308
1519308
1521612
1521612
1521824
1521824
1524636
1524636
1527144
1527144
1527952
1527952
1536748
1536748
1544272
1544272
1544560
1544560
1544760
1544760
1546316
1546316
1551660
1551660
1553136
1553136
1555240
1555240
1557728
1557728
1559448
1559448
1561780
1561780
1572756
1574560
1574796
1576188
1576260
1576260
1577788
1577788
1578260
1578344
1578452
1579460
1579460
1580612
1589676
1590308
1591048
1591192
1591388
1591660
1591736
1595492
1595952
1596836
1596844
1597300
1597348
1598788
1599576
1602192
1659644
1659756
1660280
1663200
1663960
1666864
1666968
1667004
1667092
1668268
1671488
1672552
1672636
1672888
1673256
1673504
1674120
1674540
1674708
1676780
1677424
1678068
1678096
1678992
1679272
1679300
1679356
1680448
1680504
1681372
1681764
1681792
1682072
1682184
1682184
1682352
1682520
1682716
1682884
1683304
1683472
1684368
1684600
1685152
1685292
1685544
1686944
1687480
1687672
1688092
1688596
1689128
1691172
1691340
1693132
1695708
1697200
1697760
1698316
1701560
1705520
1712160
1714576
1716280
1717244
1718916
1719680
1720480
1720640
1723160
1723800
1726332
1726332
1726560
1727904
1727904
1728756
1728756
1729120
1729484
1729484
1729520
1730000
1730240
1730268
1732476
1732476
1732588
1732588
1732656
1732656
1733916
1735332
1735332
1735968
1737560
1744548
1744548
1745552
1745852
1745852
1745904
1745904
1745964
1745964
1746224
1746224
1746416
1746416
1747076
1747076
1748360
1748776
1748808
1750928
1750952
1751124
1751124
1751624
1751624
1752420
1752420
1752556
1752556
1752652
1752652
1752684
1752684
1753880
1754700
1754700
1755236
1755472
1755472
1757964
1758116
1758268
1758816
1758816
1762080
1762596
1763320
1765312
1765340
1765772
1766840
1767028
1767236
1768088
1768224
1768492
1768512
1769416
1769620
1769640
1770160
1771376
1771848
1771940
1772428
1773428
1777600
1777712
1778668
1779068
1779264
1779624
1780368
1781248
1781860
1781880
1783716
1785704
1786416
1788236
1788732
1793648
1794092
1794928
1796760
1796860
1798244
1802132
1802480
1811664
1812592
1819616
1822104
1822516
1824124
1825812
1827128
1830508
1832008
1836116
1836404
1837740
1846052
1848928
1851296
1853140
1857316
1858924
1862592
1864228
1865464
1867092
1868836
1868944
1869024
1869924
1870004
1871724
1872372
1874840
1875464
1876052
1876416
1876972
1877688
1878396
1881088
1881448
1882260
1885276
1887288
1891012
1892232
1892820
1894124
1894624
1895712
1896720
1897940
1898012
1898012
1899220
1900920
1901088
1903188
1906212
1906548
1909992
1911588
1911840
1912260
1913856
1914360
1915032
1915200
1915368
1916964
1917384
1917888
1919316
1920072
1922492
1923264
1923684
1924188
1924272
1924440
1925084
1925784
1926120
1926176
1926896
1927548
1927716
1928388
1928464
1928640
1930320
1931180
1931244
1932084
1933764
1934520
1934980
1935192
1935612
1935780
1939896
1941996
1943424
1944936
1946448
1946952
1948044
1948296
2058916
2062036
2064080
2064724
2066420
2068568
2069108
2069304
2069708
2070924
2072084
2073432
2075636
2076396
2078904
2080272
2081944
2082656
2083932
2084224
2085020
2085548
2085584
2086056
2086084
2086580
2086668
2086808
2086880
2087060
2087660
2089544
2090684
2091344
2091588
2091808
2092128
2092424
2093236
2093316
2093748
2094044
2094256
2094332
2095396
2096100
2096384
2097168
2097220
2098472
2099728
2100108
2100784
2102160
2104532
2104596
2105256
2105272
2106348
2107980
2108676
2109332
2109812
2112156
2114852
2115148
2115624
2115940
2116056
2116552
2118768
2118948
2119452
2119844
2119948
2120380
2120948
2122252
2122664
2124004
2125036
2125600
2126696
2130204
2131344
2132260
2133828
2133972
2134336
2134752
2137128
2137916
2138400
2140652
2140752
2143092
2145740
2150532
2150856
2151648
2157552
2158736
2159100
2159172
2161764
2162268
2162304
2162664
2162808
2162808
2163024
2163492
2163708
2164248
2165616
2169864
2170404
2171052
2171736
2174580
2284512
2288092
2289316
2289980
2294352
2294656
2298700
2299480
2301864
2303640
2303720
2305100
2307360
2308676
2308836
2309320
2309592
2309660
2310684
2310860
2311580
2312636
2313204
2313560
2313764
2313860
2313860
2314240
2314440
2314468
2314500
2314680
2316500
2317100
2319080
2319956
2320156
2320872
2321172
2321432
2321672
2322780
2324144
2324180
2324540
2324684
2325556
2325628
2325640
2325772
2326040
2326660
2327660
2327932
2328480
2328552
2329748
2331744
2333096
2336620
2338160
2339156
2341280
2341920
2344264
2345612
2348124
2348592
2350948
2353852
2360288
2368144
2390472
2390656
2392660
2394640
2398096
2399280
2400556
2402016
2402700
2402896
2403064
2403308
2404180
2404640
2406576
2407452
2408428
2409844
2410676
2411692
2412748
2413412
2414400
2414488
2416680
2417484
2419904
2437156
2453608
2454320
2456512
2471344
2471920
2472416
2475832
2480632
2481200
2486036
2487188
2489344
2491440
2498284
2503716
2506592
2510456
2511488
2516272
2516424
2516624
2518348
2520540
2521860
2522784
2525164
2526436
2530160
2545416
2546676
2554980
2556268
2557788
2559480
2560184
2566476
2569028
2570876
2571492
2580228
2582492
2593624
2608012
2608188
2613600
2619716
2621564
2621828
2626624
2628296
2628428
2628824
2629528
2629792
2630760
2631420
2631684
2634940
2635952
2636964
2637008
2638416
2638856
2638900
2638988
2640704
2640792
2642156
2642772
2642816
2643256
2643432
2643432
2643696
2643960
2644268
2644532
2645192
2645456
2646864
2648096
2648316
2648712
2650912
2652056
2652716
2653508
2654344
2657556
2657820
2660636
2664684
2730200
2735164
2739040
2740536
2749920
2753728
2753796
2759508
2763384
2763520
2763792
2769164
2770728
2771408
2772156
2772292
2773992
2775420
2775964
2776372
2777052
2777256
2777392
2777392
2777664
2779160
2781608
2781744
2782084
2782288
2783172
2783308
2784736
2784940
2786096
2787932
2788340
2788612
2788952
2790652
2792216
2793576
2793848
2795684
2806428
2807788
2808944
2815880
2918252
2918252
2950492
2950492
2963424
2963424
2966560
2966560
2966568
2966568
2971012
2971012
2972900
2972900
2977556
2977556
2978572
2978572
2980692
2981204
2981204
2982148
2985088
2985088
2985632
2987848
2987848
2988336
2989012
2989636
2990260
2991820
2992444
2995512
2996084
2996500
2996604
2998000
2998000
2998580
2998788
3001688
3001688
3002792
3002844
3003020
3003020
3004040
3004404
3004444
3004444
3004620
3004620
3004768
3004924
3006876
3006876
3007864
3007864
3008928
3011164
3011372
3018600
3018600
3028280
3028280
3033352
3033352
3035312
3035312
3047768
3047768
3096028
3098212
3104192
3106168
3107936
3109080
3109860
3110172
3114020
3115216
3116412
3118128
3118648
3120832
3120936
3124680
3126448
3129568
3129828
3130296
3132896
3140748
3143268
3143268
3144388
3149172
3236836
3236836
3240260
3240260
3243248
3243248
3244228
3244228
3247916
3247916
3249644
3249644
3250648
3250648
3254220
3254220
3271204
3271204
3273904
3273904
3274064
3274064
3274212
3274212
3276308
3276308
3277016
3277016
3277420
3277420
3284236
3284236
3285088
3285088
3285444
3285444
3287100
3287100
3287148
3287148
3288340
3288340
3289788
3289788
3293800
3293800
3298264
3298264
3326876
3327492
3327576
3328500
3330488
3331076
3331468
3332224
3332420
3333120
3336144
3336704
3337628
3337628
3337628
3337628
3337628
3337628
3338384
3338384
3339280
3339280
3339756
3339868
3339896
3339924
3339924
3339924
3339924
3339924
3340372
3340428
3340652
3340960
3341828
3341912
3342276
3342276
3342276
3342276
3342276
3342332
3342360
3342500
3342584
3342668
3342864
3342976
3343396
3343480
3343928
3344768
3345888
3345888
3345888
3345888
3345888
3345972
3346056
3346532
3346672
3346672
3346672
3346672
3346672
3346756
3347568
3348548
3348744
3348884
3349080
3349528
3349584
3349696
3350032
3350424
3350760
3352524
3352692
3352692
3352692
3352692
3352692
3353084
3353084
3353084
3353084
3353084
3354064
3354064
3354064
3354064
3354064
3354260
3354288
3354624
3354624
3354624
3354624
3354624
3354792
3355296
3355380
3356024
3356080
3356080
3356080
3356080
3356080
3356164
3356164
3356164
3356164
3356164
3356528
3357032
3357032
3357032
3357032
3357032
3357452
3357452
3357452
3357452
3357452
3357900
3358348
3359020
3359020
3359020
3359020
3359020
3359244
3359384
3359384
3359384
3359384
3359384
3359664
3360840
3361708
3361708
3361708
3361708
3361708
3362212
3363080
3363080
3363080
3363080
3363080
3363192
3365572
3365880
3365880
3365880
3365880
3365880
3366524
3366524
3366524
3366524
3366524
3367028
3367392
3368204
3368204
3368204
3368204
3368204
3368820
3368820
3368820
3368820
3368820
3368848
3368848
3368848
3368848
3368848
3369268
3369268
3369268
3369268
3369268
3369380
3369380
3369380
3369380
3369380
3369576
3380888
3685744
3685744
3695092
3695092
3700504
3700504
3702728
3702728
3707148
3707148
3709816
3709816
3710312
3710312
3715276
3715276
3717836
3717836
3718116
3718116
3718412
3718412
3720876
3720876
3729036
3729036
3729656
3729656
3732120
3732120
3732864
3732864
3733824
3733824
3739960
3739960
3744736
3744736
3745912
3745912
3750172
3750172
3750800
3750800
3756916
3756916
3760424
3760424
3769644
3769644
4037436
4037436
4062052
4062052
4062096
4062096
4069720
4069720
4082216
4082216
4089316
4089316
4104936
4104936
4105788
4105788
4107492
4107492
4115444
4115444
4122828
4124844
4124844
4129076
4129076
4129928
4129928
4131064
4131064
4133904
4140720
4140720
4148388
4148388
4154636
4154636
4174800
4174800
4178492
4178492
4178492
4178492
4179060
4179060
4181048
4181048
4195248
4195248
4215412
4215412
4231884
4231884
4253752
4253752
4378864
4378864
4387040
4387040
4388700
4388700
4391384
4391384
4392104
4392104
4396284
4396284
4396420
4396420
4396672
4396672
4400244
4400244
4406052
4406052
4407124
4407124
4411756
4411756
4413600
4413600
4414092
4414092
4424268
4424268
4424632
4424632
4428128
4428128
4432760
4432760
4436104
4436104
4441812
4441812
4443424
4443424
4443764
4443764
4451260
4451260
4455192
4455192
4545228
4550476
4552800
4555804
4560988
4563276
4563808
4568740
4593132
4597136
4597600
4597948
4598996
4601404
4601440
4610900
4612904
4613292
4614852
4615620
4616084
4619884
4624656
4631248
4640436
4640436
4892464
4894740
4894740
4924872
4979920
4985376
4985464
4987488
4990040
4990788
4991228
4994308
4995232
4996288
4996640
4996860
4996992
4998312
4998664
5002800
5002912
5004032
5005132
5006232
5007552
5008300
5009928
5019432
5022160
5039028
5039028
5039028
5049560
5049560
5049560
5054004
5054004
5054004
5057436
5063792
5063792
5063792
5069576
5069576
5069576
5069796
5069796
5069796
5069808
5069808
5069900
5070384
5076192
5077248
5078920
5079288
5079288
5079288
5079492
5081384
5084244
5084244
5084244
5084464
5084464
5087720
5088644
5088908
5091812
5091944
5094188
5094584
5094936
5098368
5098620
5098620
5098620
5099556
5102812
5103384
5103428
5105388
5105388
5105388
5105724
5107668
5107668
5107668
5107980
5108972
5109300
5109300
5109300
5111736
5111736
5111736
5112660
5112660
5112660
5112792
5112792
5112792
5119276
5119276
5119276
5121472
5121472
5121472
5123828
5123828
5123828
5127932
5127932
5127932
5131100
5131100
5131100
5131236
5132032
5132032
5132032
5133588
5133588
5133588
5134188
5134188
5134188
5141760
5142104
5143124
5143124
5143124
5143260
5146612
5158480
5178728
5199760
5205164
5205164
5205244
5211436
5211436
5213728
5213728
5217276
5217276
5223292
5223292
5225900
5225900
5225952
5225952
5231556
5231556
5232564
5244844
5248452
5251444
5252148
5257824
5258088
5259056
5259188
5259852
5259852
5260464
5263808
5264336
5264592
5264592
5264952
5265376
5265376
5265480
5266076
5266076
5266100
5266100
5267728
5268252
5268516
5269132
5269148
5269148
5269920
5269920
5270672
5271024
5271552
5272740
5273840
5273972
5274544
5275336
5275996
5276700
5277404
5278460
5278812
5279032
5279472
5280116
5280116
5281320
5282664
5282664
5282684
5283468
5283468
5283476
5284708
5284708
5284840
5285016
5285860
5285860
5285940
5285940
5288756
5289240
5290252
5290828
5290828
5291044
5291616
5292892
5293860
5293904
5294564
5294740
5295048
5295952
5295952
5300048
5303312
5303312
5312824
5333688
5352984
5355080
5366756
5436180
5436180
5447180
5470220
5493100
5733252
5733252
5739840
5739840
5745996
5745996
5752516
5752516
5779052
5779052
5792160
5792160
5795032
5795032
5799828
5799828
5802952
5802952
5803332
5803332
5808412
5808412
5810080
5810080
5814088
5814088
5821944
5821944
5822660
5822660
5833168
5833168
5833876
5833876
5835724
5835724
5836744
5836744
5849944
5849944
5850424
5850424
5860076
5860076
5863388
5863388
5873452
5873452
5873452
5875480
5875480
5875480
5879668
5879668
5883784
5883784
5888948
5888948
5888948
5889624
5889624
5889624
5892536
5892536
5892536
5893056
5893056
5893056
5894460
5894460
5894460
5894892
5894892
5902156
5902156
5902156
5903144
5903144
5903144
5904756
5904756
5904756
5908448
5908448
5908448
5908812
5908812
5908812
5908812
5908812
5908812
5909072
5909072
5909072
5909800
5909800
5909800
5910840
5910840
5910840
5916404
5916404
5916404
5919680
5919680
5919680
5920564
5920564
5920564
5923580
5923580
5923580
5925400
5925400
5925400
5929508
5929508
5929508
5933512
5933512
5933512
5939700
5939700
5939700
5983056
5983056
6005964
6027588
6032520
6040216
6045520
6047340
6052488
6055816
6063876
6065736
6065904
6066424
6068764
6070116
6070844
6070896
6071624
6071832
6072144
6073444
6073496
6075524
6076408
6076752
6079404
6080152
6080984
6082804
6082804
6084504
6091848
6094908
6098580
6107220
6107220
6109596
6113880
6123876
6127752
6128772
6138360
6149172
6150396
6159984
6165084
6167532
6172428
6194256
6195480
6214044
6217848
6217848
6230708
6230708
6230708
6253584
6253584
6253584
6265440
6265440
6265440
6267568
6267568
6267568
6267872
6267872
6267872
6272432
6272432
6272432
6273496
6273496
6273496
6274332
6274332
6274332
6280488
6280488
6280488
6281324
6281324
6281324
6286112
6286112
6286112
6287936
6287936
6287936
6289304
6289304
6289304
6291964
6291964
6291964
6293788
6293788
6293788
6296676
6296676
6296676
6298956
6298956
6298956
6298956
6298956
6298956
6300780
6300780
6300780
6303212
6303212
6303212
6305188
6305188
6305188
6306632
6306632
6306632
6307164
6307164
6307164
6307468
6307468
6307468
6327104
6333488
6335336
6340600
6344324
6344996
6345920
6346172
6348664
6349084
6349168
6352500
6354572
6356364
6356896
6357176
6357932
6362720
6363896
6364932
6365828
6368376
6368656
6371280
6371280
6378120
6419140
6424264
6426000
6433560
6433644
6437648
6437760
6437872
6440280
6440896
6441176
6445992
6447028
6448848
6448988
6449072
6450920
6450976
6454952
6457388
6458312
6459516
6463744
6470576
6516828
6516828
6674832
6692816
6821304
6891768
6901944
6906132
6906668
6932600
6951312
6964660
6996224
7012876
7019868
7034732
7044528
7051676
7059316
7064532
7064532
7072384
7090312
7095244
7107040
7110412
7119028
7121468
7135764
7147344
7151936
7161392
7182852
7188328
7208380
7222844
7229984
7230076
7232860
7263300
7264132
7273620
7304556
7317080
7319528
7341316
7349688
7349688
7350572
7359084
7392424
7412404
7428780
7428780
7460344
7479236
7508784
7526820
7534396
7559056
7560768
7567988
7591032
7610160
7615460
7627968
7631476
7641364
7643276
7659972
7662708
7670352
7675824
7686256
7709308
7714696
7737916
7751548
7759992
7762716
7808724
7808724
7974180
7974180
8015084
8044868
8044868
8084412
8084412
8090212
8090212
8090660
8090660
8101680
8101680
8103268
8103268
8103588
8103588
8107028
8107028
8113000
8113000
8114356
8114356
8115868
8115868
8117040
8117040
8119220
8119220
8120812
8120812
8128344
8128344
8133824
8133824
8136340
8136340
8137128
8137128
8139440
8140788
8140788
8142564
8142564
8147584
8147584
8148812
8148812
8151572
8152504
8152504
8157596
8157596
8161456
8161456
8162336
8162336
8166148
8166148
8166968
8166968
8170396
8170396
8171816
8171816
8177340
8177340
8181472
8181472
8187480
8187480
8198228
8198228
8210156
8210156
8233728
8233728
8239408
8239408
8239976
8239976
8240892
8248780
8248780
8257016
8257016
8260424
8260424
8261844
8261844
8264312
8266852
8280588
8280588
8284980
8293936
8293936
8302740
8302740
8312396
8312396
8319496
8319496
8326428
8327060
8327844
8328488
8328868
8328868
8329804
8349152
8349684
8349796
8356700
8356700
8361584
8388996
8394456
8394708
8397708
8404704
8405232
8407080
8408620
8409368
8409968
8414084
8416828
8420300
8427720
8432512
8449252
8450540
8451240
8451240
8469692
8486324
8487948
8517960
8522612
8546648
8595884
8602396
8604904
8611216
8615112
8618388
8619200
8622672
8622756
8622828
8625636
8626072
8626592
8627728
8630208
8636776
8639416
8640132
8641040
8642244
8642436
8642768
8643360
8644240
8646308
8646880
8652120
8656356
8658748
8663184
8663184
8676380
8687860
8717720
8727180
8776292
8812012
8818264
8849796
8852420
8859304
8868888
8973144
8973144
9206820
9206820
9528804
9528804
9688316
9725616
9725616
9741816
9761776
9762292
9762592
9776228
9788752
9789228
9789228
9789576
9791328
9793000
9794384
9804964
9805028
9806240
9808028
9816544
9817184
9821176
9831264
9834544
9838524
9838888
9841020
9844880
9855268
9855960
9859824
9860508
9938128
9948008
9964188
9966268
9970272
9970740
9972560
9974016
9977708
9978384
9978904
9978956
9981816
9982648
9984520
9986116
9987432
9987432
9992840
9993100
9998708
9999496
10001628
10002096
10004280
10008584
10009584
10022948
10028956
10032568
10033292
10044544
10047520
10055888
10065316
10083124
10083564
10089396
10089396
10101264
10108704
10118336
10148116
10155088
10165140
10187180
10205496
10225808
10275424
10286864
10288008
10288008
10302476
10303392
10305740
10336008
10336008
10341784
10353372
10359400
10377456
10377456
10388948
10388948
10389176
10401912
10401912
10407124
10407124
10411524
10411524
10415952
10415952
10416864
10416864
10419384
10419384
10424140
10424140
10427640
10427952
10427952
10442344
10453996
10456276
10468440
10468440
10471360
10474136
10474136
10478500
10479124
10487652
10487652
10490720
10497724
10500736
10505976
10505976
10512544
10512544
10515888
10515888
10518952
10518952
10531812
10531812
10533508
10533508
10546628
10546628
10561092
10561092
10563664
10566612
10566612
10574084
10574084
10589004
10589240
10589240
10620192
10630576
10636344
10656948
10659780
10660064
10668852
10671940
10683800
10684876
10686800
10694568
10696200
10703600
10707228
10715556
10717668
10718640
10721532
10723752
10727568
10734384
10736568
10746592
10748016
10751328
10753056
10753056
10769976
10770300
10773300
10774332
10774756
10779444
10782756
10782936
10787652
10791540
10792800
10792836
10793124
10793592
10795536
10796436
10800756
10801008
10801224
10801260
10802232
10802888
10803312
10804212
10804788
10807740
10813000
10815100
10817352
10820000
10823148
10824372
10824980
10828584
10832040
10834380
10835424
10839900
10844208
10851552
10852528
10884564
10886132
10893672
10894572
10895724
10903356
10904680
10913900
10914900
10915524
10918400
10933288
10938600
10954700
10971956
10981024
10983200
10993200
11000448
11001300
11008200
11009792
11013028
11015300
11041700
11101720
11168300
11211200
11238000
11264700
11340900
11340900
11346696
11346696
11490560
11716120
11719320
11741300
11789064
11789064
11798980
11861780
11880560
11886804
11886804
11928040
11945840
11970580
11997180
11999936
12002380
12004720
12009840
12013560
12014548
12014964
12019240
12019748
12020500
12020996
12020996
12022400
12025220
12027120
12029472
12031708
12038676
12043772
12044760
12046372
12047672
12049128
12064832
12065560
12068368
12072720
12079028
12079320
12083656
12112920
12112920
12128380
12133560
12135720
12232020
12238080
12241260
12241860
12243300
12246780
12251660
12253380
12254940
12255600
12256260
12257820
12258960
12261600
12264300
12264660
12270840
12271920
12283480
12284100
12284340
12284940
12288000
12294360
12311940
12320940
12372900
12395760
12658564
12659192
12662688
12662856
12662856
12673668
12673864
12675724
12677280
12680436
12682344
12682356
12683640
12687620
12688440
12689532
12690228
12699768
12702308
12706008
12712640
12716596
12719172
12728596
12744184
12752428
12850416
12850416
12942116
12999976
13028620
13039708
13086612
13100560
13106808
13111472
13136464
13179144
13200924
13202728
13207808
13209460
13215192
13228292
13234936
13254032
13256828
13263008
13303356
13314488
13315588
13316996
13326324
13334200
13341196
13401264
13444992
13452508
13497084
13510576
13511052
13519456
13534788
13561440
13572612
13576944
13581960
13583564
13591080
13594044
13612512
13634856
13648764
13650360
13655076
13659708
13669284
13670196
13687216
13700748
13716480
13729932
13736132
13755240
13760988
13761852
13763448
13765612
13771884
13796288
13800840
13846896
13893508
13908464
13910964
13912036
13955488
13961556
13961556
13988764
14039060
14064624
14064624
14102756
14712204
14715324
14719016
14742000
14744988
14744988
14745744
14753076
14756560
14760200
14762852
14770756
14771016
14771068
14771172
14772836
14773408
14773928
14781416
14787188
14790932
14801956
14802632
14806220
14821872
14825252
15291252
15291252
15292728
15292728
15453828
15453828
15649236
15649236
15980024
15987992
15989400
16036092
16049832
16078788
16106780
16115804
16139320
16143600
16161240
16170600
16171140
16172040
16174528
16174740
16174920
16175220
16178700
16179180
16180728
16183560
16189560
16189596
16190280
16197300
16202160
16206060
16208392
16214224
16214940
16215420
16218120
16223040
16225320
16231152
16234860
16236600
16237268
16253040
16256876
16298672
16314108
16336256
16347196
16353872
16386332
16399664
16411736
16422404
16525724
16543292
16546904
16551828
16552992
16553316
16555144
16556808
16557300
16560448
16561300
16565272
16567000
16571856
16574060
16575804
16579924
16584460
16590024
16596372
16597844
16597896
16600392
16605348
16609528
16617144
16621452
16637312
16666300
16689884
16690552
16716124
16740812
16740836
16755196
16757440
16785188
16810408
16832300
16869444
16874604
16886616
16902960
16936468
17032664
17090264
17146496
17186652
17186652
17210352
17255268
17263856
17387584
17515796
17519520
17529400
17533884
17539128
17546652
17594780
17609288
17633368
17645796
17645796
17648340
17666188
17669532
17687264
17687516
17687516
17714992
17727240
17736408
17736408
17766300
17771952
17771952
17781420
17781568
17821496
17821496
17835376
17844112
17844112
17845380
17863516
17863516
17864400
17872920
17879280
17889212
17889212
17908968
17908968
17913360
17924068
17940736
17940736
17945044
17946716
17971560
17991176
17994900
17994900
18001260
18003568
18003568
18003720
18012900
18014432
18017076
18017076
18024236
18038580
18041188
18041188
18047640
18062220
18062220
18067236
18067236
18073680
18085920
18085980
18085980
18090336
18090336
18101732
18101732
18109344
18109344
18109784
18109784
18115900
18115900
18140940
18156120
18157620
18159540
18163376
18163376
18172132
18172132
18172260
18178160
18178160
18178908
18178908
18192540
18214084
18227156
18334080
18577260
18577260
18906624
18906624
19382940
19382940
19474776
19474776
19649580
19825384
19940500
20146556
20170560
20176836
20246172
20273148
20299712
20305004
20306772
20335176
20335176
20339616
20339684
20340160
20340772
20348048
20349000
20357976
20358928
20363960
20365320
20373004
20374568
20379512
20380688
20381504
20382524
20382524
20383136
20383816
20384088
20385108
20387352
20388712
20389392
20390276
20396764
20397960
20398232
20398980
20399388
20399932
20400272
20402992
20403964
20404352
20404692
20405032
20405848
20405984
20408028
20429444
20431212
20442500
20443656
20456984
20457664
20461608
20462168
20462424
20462560
20463784
20474576
20480916
20499676
20573428
20591712
20591712
20644172
20827188
20827188
20934548
20935516
20977116
21419236
21488868
21488868
21540672
21561516
21577752
21578904
21579444
21579696
21580704
21584268
21589776
21590208
21595572
21596148
21598956
21598956
21601152
21602844
21608640
21614976
21615768
21618864
21621168
21624192
21627180
21631104
21637512
21887676
21887676
22309716
22405472
22488820
22491524
22540448
22670304
22705052
22705908
22780728
22780728
22871752
22977044
22981764
22999492
23030260
23045484
23048160
23109480
23148400
23203788
23216868
23216868
23292852
23295072
23443740
23445100
23449440
23511060
23517092
23590220
23649720
23692700
23760460
23826396
23826396
23826396
23843116
23843116
23843116
23848876
23850640
23883680
23916816
23916816
23916816
23950344
23950344
23950344
23955080
24005360
24006760
24008660
24010800
24010800
24010800
24014012
24014012
24014012
24014452
24014452
24014452
24052440
24092080
24092552
24092552
24092552
24104560
24143988
24143988
24143988
24167396
24167396
24167396
24173360
24184644
24184644
24184644
24206688
24206688
24206688
24224552
24224552
24224552
24234540
24246640
24246640
24246640
24247256
24247256
24247256
24252800
24252800
24252800
24260016
24260016
24260016
24294644
24294644
24294644
24294820
24295820
24297152
24297152
24297152
24299704
24299704
24299704
24301620
24301620
24310308
24310308
24310308
24325884
24325884
24325884
24342164
24342164
24342164
24440680
24440680
24440680
24495460
24588280
24747300
24769620
24769620
24791360
26139036
26139036
26139036
26146252
26146252
26146252
26153116
26153116
26153116
26167592
26167592
26167592
26168912
26168912
26168912
26176128
26176128
26176128
26177360
26177360
26177360
26186776
26186776
26186776
26190868
26190868
26190868
26195356
26195356
26195356
26201164
26201164
26201164
26209524
26209524
26209524
26212560
26212560
26212560
26212604
26212604
26212604
26213132
26213132
26213132
26218148
26218148
26218148
26218808
26218808
26218808
26228268
26228268
26228268
26231084
26231084
26231084
26235044
26235044
26235044
26236012
26236012
26236012
26241028
26241028
26241028
26241424
26241424
26241424
26251984
26251984
26251984
26289156
26562616
26572580
26712960
26887896
26887896
28124712
28124712
29690028
29690028
30910620
30912804
30917068
30918992
30926012
30931316
30933864
30937764
30952532
30953052
30962724
30967456
30969172
30970628
30975932
30979780
30979884
30985812
30991636
31005156
31009940
31014776
31029284
31061940
32157060
32178060
32186340
32188980
32199360
32204760
32215380
32219580
32227980
32230380
32236740
32238060
32238120
32239020
32239680
32240280
32240520
32252580
32260080
32260500
32260620
32265180
32271300
32334360
32424836
32443360
32454724
32457356
32466724
32470456
32484348
32488584
32496428
32496564
32503516
32505480
32505840
32506312
32507880
32508512
32510800
32522160
32527736
32527772
32529284
32531988
32538464
32602852
33109020
33109020
34034868
34034868
35098980
35116980
35171124
35176252
35183036
35246056
35261364
35307360
35389440
35510160
35584140
35643000
35647200
35661660
35716440
35761800
35784060
35804220
35835360
35846820
35854320
35902080
35927040
35950740
35961540
35973300
36054840
36092460
36101760
36365208
36408132
36408132
37322964
37322964
38907384
38966724
39219372
39219372
39529104
39610944
39616300
39670256
39763424
39767832
39767832
39767832
39793788
39793788
39793788
39875148
39875148
39875148
39876300
39876300
39876300
39914116
39940464
39963456
39963456
39963456
39980556
39980556
40016880
40016880
40016880
40031052
40040784
40040784
40040784
40077676
40208320
40227768
40227768
40227768
40240332
40240332
40240332
40271436
40271436
40271436
40284756
40284756
40284756
40343472
40343472
40343472
40350060
40350060
40350060
40364336
40366976
40389916
40400840
40401348
40401864
40401864
40401864
40402132
40403084
40407232
40410224
40415460
40423144
40424164
40429196
40435860
40437220
40437424
40439736
40440484
40455180
40455180
40455180
40463400
40470404
40470472
40476184
40480812
40480812
40480812
40486112
40486248
40490464
40497948
40497948
40497948
40501060
40504744
40506228
40506228
40506228
40507416
40507416
40507416
40509776
40519296
40519296
40519296
40522016
40525076
40535140
40535276
40541940
40541940
40541940
40545476
40548808
40552684
40559484
40572144
40572144
40572144
40576824
40579192
40579816
40591580
40594776
40598040
40598720
40609464
40613272
40615448
40622928
40630408
40633588
40637828
40647272
40653528
40658900
40668336
40668336
40668336
40679064
40679064
40679064
40681476
40692152
40716496
40759032
40957672
40974568
41737676
43234804
44080456
44109792
44190808
44210988
44405356
44630012
44715132
44896392
44953468
45041020
45188916
45221520
45236188
45254276
45259824
45431584
45461224
45639520
45653808
45673948
46102968
46228672
46553876
46643404
48605128
48636852
48736292
48737700
48844224
48909520
48938736
49167272
49182628
49220644
49236924
49308688
49316740
49380056
49445220
49476548
49497492
49507612
49509064
49523584
49551260
49588176
49705744
49718856
51048080
51048080
51074060
51074060
51117164
51117164
51141856
51141856
51142748
51142748
51163580
51163580
51164980
51164980
51170988
51170988
51174560
51174560
51174584
51174584
51175500
51175500
51185392
51185392
51191340
51191340
51192412
51192412
51194660
51194660
51195140
51195140
51199992
51199992
51209376
51209376
51212148
51212148
51220324
51220324
51232052
51232052
51251888
51251888
51252692
51252692
51293268
51293268
57418608
57424484
57432648
57459636
57460364
57462600
57471128
57472844
57475236
57476380
57482152
57486988
57488444
57488756
57490524
57496764
57498636
57524220
57525000
57526508
57533320
57535660
57548816
57620264
58048536
58048536
58048536
58048536
58098612
58098612
58098612
58098612
58136208
58136208
58136208
58136208
58141512
58141512
58141512
58141512
58147700
58147700
58147700
58147700
58153576
58153576
58153576
58153576
58155344
58155344
58155344
58155344
58173960
58173960
58173960
58173960
58175260
58175260
58175260
58175260
58184100
58184100
58184100
58184100
58185608
58185608
58185608
58185608
58193460
58193460
58193460
58193460
58197828
58197828
58197828
58197828
58201416
58201416
58201416
58201416
58201624
58201624
58201624
58201624
58215508
58215508
58215508
58215508
58216496
58216496
58216496
58216496
58217224
58217224
58217224
58217224
58218160
58218160
58218160
58218160
58220292
58220292
58220292
58220292
58251388
58251388
58251388
58251388
58252480
58252480
58252480
58252480
58267248
58267248
58267248
58267248
58375616
58375616
58375616
58375616
61295960
61766440
61775480
61811720
61851640
62029520
62056720
62075760
62079280
62261940
62319140
62319348
62319816
62330008
62347740
62351280
62360792
62371868
62377796
62382840
62383880
62388716
62398960
62411284
62416920
62421476
62423400
62426400
62429848
62443940
62471864
62475504
62477532
62483460
62483560
62504364
62509840
62520536
62523560
62534720
62567840
62664920
62799280
62842840
62903160
62931240
62936000
63279960
63729364
63817448
64324584
64333020
64372840
64375260
64425712
64794080
64837024
64841832
65045448
65063500
65176272
65193624
65272168
65368528
65491720
65530040
65692812
65768756
65972120
66037528
66253080
66253080
66253080
66253380
66253380
66253380
66275700
66275700
66275700
66279720
66286140
66286140
66286140
66289140
66289140
66289140
66289620
66289620
66289620
66310200
66310200
66310200
66310680
66310680
66310680
66310740
66310740
66310740
66319020
66319020
66319020
66320340
66320340
66320340
66322980
66333660
66333660
66333660
66339480
66339480
66339480
66340380
66340380
66340380
66340740
66340740
66340740
66344400
66344400
66344400
66349920
66349920
66349920
66357240
66357240
66357240
66366360
66366360
66366360
66383520
66383520
66383520
66406440
66406440
66406440
66408900
66408900
66408900
66427440
66427440
66427440
66458580
66460380
66460380
66460380
66460500
66605760
66694800
66734640
66845464
67046280
67067220
67119060
67141260
67239120
67250100
67336440
67425300
67468020
67496580
67510380
67512360
67532160
67569900
67620240
67780560
67798440
75014880
75064044
75065268
75072476
75074652
75107360
75110284
75148228
75153056
75164344
75187328
75195692
75199092
75201948
75206300
75241932
75244108
75254852
75257776
75262740
75271036
75296128
75303744
75330808
77773368
77813080
77814032
77859524
77872172
77875640
77898556
77913924
77917120
77935888
77944864
77947448
77948944
77953636
77954112
77958940
77960980
77964244
77976892
77978592
78005248
78017216
78024832
78180824
79795240
80359760
81148240
81245080
81259680
81321720
81369920
81394680
81424080
81448280
81524360
81600920
81633000
81683240
81849000
81894808
81902760
81902760
82009120
82078240
82198320
82306520
82496400
82512880
82578480
82974640
83002400
83078804
83087040
83087040
83251760
83261984
83261984
83521560
83530080
83530080
83584040
83595116
83595116
83803288
83803288
83843048
83988172
83998964
83998964
84105180
84117676
84117676
84445980
84445980
84457056
84457056
84460748
84460748
84468416
84468416
84484604
84486592
84497952
84511016
84616664
84626036
84626036
84668352
84668352
84670056
84670056
84675452
84675452
84706692
84707260
84712088
84795016
84795016
84831652
84989272
84999780
84999780
85130704
85130704
85133260
85133260
85163648
85166772
85170464
85180688
85180688
85187788
85196024
85196024
85231240
85231240
85268728
85287188
85287188
85305648
85311612
85317860
85317860
85318996
85318996
85324108
85327232
85327232
85353360
85353360
85362732
85387156
85387156
85388576
85426632
85457872
85464120
85464120
85467528
85467528
85468380
85482012
85482012
85503028
85503596
85512684
85512684
85564940
85574312
85574312
85677404
85677404
85691036
85691036
85702112
85702112
85703816
85703816
85719436
85721424
85730512
85732784
85732784
85739032
85742724
85890120
85890120
85927324
86078412
86078412
86115616
86278064
86288572
86288572
86301636
86312428
86312428
86428016
86428016
86465220
86478568
86491348
86491348
87200780
87211004
87211004
87954516
87964456
87964456
88140252
88150192
88150192
98723392
102665784
102762964
103790260
117767520
117849492
117856188
117862020
117877032
117917964
117936324
117986976
117993672
118005876
118046268
118046484
118048104
118053828
118076616
118117980
118133640
118160424
118161180
118167228
118176408
118203300
118221876
118269288
122963420
123110360
123125228
123281228
123331720
123401856
123500768
123624288
123627208
123724960
123764596
123813416
123837964
123839772
123863520
123957780
124008264
124075064
124086704
124162012
124218984
124235392
124573012
124798952
161923736
162333548
162333548
165090336
165182352
165486516
165512644
165512644
165595856
165595856
165886956
165886956
166311820
166726460
166726460
167152176
167462872
167595784
167595784
167890576
167890576
167896256
168137088
168143052
168146744
168322540
168355768
168531564
168554000
168554000
168589216
168598872
168616196
168628124
168675552
168688616
168734624
168755356
168782336
168782336
168821812
168884576
168914964
168981988
169073436
169122284
169122284
169238156
169279336
169331876
169361980
169369364
169371920
169411112
169483816
169490064
169583784
169612468
169616444
169658192
169658192
169766964
169790252
169816664
169816664
169830296
169830296
169918052
169918052
169925152
169925152
169969456
170018304
170082204
170119692
170127076
170134744
170159452
170183592
170196088
170260840
170261124
170281856
170316788
170344620
170395740
170492584
170552792
170584600
170584600
170670084
170670084
170774028
170852696
170861216
170920004
170991856
171046384
171073648
171267904
171340608
171340608
171415300
171415300
171473804
171480336
171480336
171803528
172646156
173088628
173088628
173119584
173545868
173545868
174342204
174678460
174784676
174784676
175130304
175130304
204889592
208721984
215740924
215740924
219383192
219383192
219490012
219490012
219494912
219494912
220733436
220733436
221787524
221787524
222390224
222390224
222684528
223178144
223178144
223598564
223598564
224242424
224242424
224623840
224623840
224762412
224762412
224770448
224770448
225078364
225078364
225490748
225490748
225650684
225650684
226266744
226275728
226275728
226311448
226386292
226828840
226828840
227348828
227348828
227432324
227432324
227857960
229157632
229199656
229199656
229313656
230126344
230126344
230596256
230727420
231283272
231746088
231746088
231845108
232038912
232038912
232059080
232289552
232470436
232545456
232999492
233538140
234095224
234710828
234754652
236602080
237355052
239094724
239291448
299358992
